children: []
meta:
  creationTime: 1715711758.1755881
  dataType: !!python/name:numpy.float64 ''
  defaults: {}
  description: ''
  fieldMap: {freq: 0, mag: 1, phase: 2}
  fieldNames: [freq, mag, phase]
  filename: \\132.166.23.175\room8a-data\FERBO\FB_W10_S4\run2\FBW10S4_204062-children\FBW10S4_204180.txt
  index: 251
  length: 251
  modificationTime: 1715711812.5415022
  name: FBW10S4_204180
  tags: ''
parameters: {}
tablefilename: FBW10S4_204180.txt
version: '1.0'
#end of header
freq	mag	phase
9.8	3.6860787868499756	34.31557083129883
9.802	3.254542589187622	34.6138916015625
9.804	3.0257315635681152	35.96123123168945
9.806	3.1488125324249268	32.77846908569336
9.808	3.12103009223938	33.0706672668457
9.81	3.0965561866760254	32.50761795043945
9.812	2.9167795181274414	32.560794830322266
9.814	2.8244571685791016	32.049774169921875
9.816	2.933781147003174	31.234230041503906
9.818	2.9493508338928223	32.983455657958984
9.82	3.1851556301116943	36.7028694152832
9.822	3.2022387981414795	32.219505310058594
9.824	2.9984352588653564	31.879531860351562
9.826	3.018857002258301	31.60177993774414
9.828	3.065248727798462	33.50309371948242
9.83	3.0464937686920166	32.91197967529297
9.832	3.0556366443634033	30.307899475097656
9.834	2.9499783515930176	30.802824020385742
9.836	3.0168652534484863	32.160797119140625
9.838	3.2933826446533203	32.95036315917969
9.84	3.915881633758545	41.78469467163086
9.842	4.401166915893555	41.922977447509766
9.844	4.4842095375061035	45.11296081542969
9.846	4.629604816436768	47.290096282958984
9.848	5.025583267211914	45.180274963378906
9.85	5.471390724182129	44.87016677856445
9.852	5.317722797393799	32.53895950317383
9.854	4.197166919708252	30.86141014099121
9.856	3.311836004257202	28.828838348388672
9.858	2.8144233226776123	28.891525268554688
9.86	2.6949853897094727	32.54631042480469
9.862	2.794081449508667	30.807722091674805
9.864	2.7922635078430176	32.984867095947266
9.866	2.9207944869995117	29.761856079101562
9.868	2.5863165855407715	31.023771286010742
9.87	2.7286863327026367	32.713008880615234
9.872	3.0221076011657715	32.5507698059082
9.874	3.1262693405151367	29.806396484375
9.876	2.866929531097412	33.45248794555664
9.878	3.0385591983795166	31.865032196044922
9.88	3.128474712371826	31.549699783325195
9.882	3.1394169330596924	34.92240905761719
9.884	3.1106035709381104	30.837053298950195
9.886	2.951225519180298	32.83082580566406
9.888	2.998284339904785	34.07975769042969
9.89	3.06207013130188	33.19082260131836
9.892	3.043316125869751	36.54153060913086
9.894	3.06618595123291	35.66830825805664
9.896	3.15092396736145	33.05864715576172
9.898	2.980992317199707	33.77329635620117
9.9	3.2159712314605713	31.99911117553711
9.902	3.4633171558380127	34.47870635986328
9.904	3.344846487045288	29.646678924560547
9.906	3.3511250019073486	30.549823760986328
9.908	3.2960634231567383	31.509185791015625
9.91	3.1476266384124756	29.795835494995117
9.912	3.0010826587677	28.894025802612305
9.914	2.831568956375122	32.13609313964844
9.916	3.098443031311035	32.5129508972168
9.918	2.958914279937744	32.1373291015625
9.92	3.080068349838257	34.667964935302734
9.922	3.014461040496826	34.358524322509766
9.924	2.960277795791626	33.706016540527344
9.926	3.081145763397217	30.153881072998047
9.928	3.0938022136688232	28.79233741760254
9.93	2.9754247665405273	33.993953704833984
9.932	3.3913381099700928	33.44711685180664
9.934	3.7909939289093018	36.80879211425781
9.936	3.6847469806671143	39.609798431396484
9.938	3.3839550018310547	38.454246520996094
9.94	3.2408668994903564	36.20095443725586
9.942	3.1498022079467773	33.99443817138672
9.944	2.9431254863739014	32.503963470458984
9.946	2.9425652027130127	33.82603073120117
9.948	3.0493195056915283	35.255897521972656
9.95	3.30399751663208	37.63819885253906
9.952	3.312403440475464	36.85708236694336
9.954	2.9602253437042236	35.96125030517578
9.956	3.2355518341064453	31.710554122924805
9.958	3.1842477321624756	31.825424194335938
9.96	2.9749531745910645	33.0416259765625
9.962	2.955599784851074	34.356292724609375
9.964	2.9917123317718506	34.463233947753906
9.966	2.992598056793213	32.76205825805664
9.968	3.0464539527893066	31.2797794342041
9.97	2.960629940032959	34.842430114746094
9.972	2.8888301849365234	35.754310607910156
9.974	2.5574417114257812	32.408817291259766
9.976	2.65874981880188	31.81656837463379
9.978	2.8084259033203125	29.543167114257812
9.98	2.754718542098999	33.21694564819336
9.982	3.017087697982788	31.75499725341797
9.984	3.340240478515625	28.49879264831543
9.986	4.982224464416504	46.16404342651367
9.988	5.945154190063477	68.11089324951172
9.99	4.567707061767578	70.98625946044922
9.992	2.943618059158325	59.224449157714844
9.994	2.3982906341552734	51.82196807861328
9.996	2.566027879714966	45.56481170654297
9.998	2.9925425052642822	39.916316986083984
10.0	3.03971266746521	34.178123474121094
10.002	3.3041863441467285	36.49787902832031
10.004	3.261591911315918	37.15497589111328
10.006	3.3108763694763184	36.51801681518555
10.008	3.312957525253296	35.379493713378906
10.01	3.160508871078491	31.56714630126953
10.012	3.0938072204589844	31.05082893371582
10.014	2.7930212020874023	29.953203201293945
10.016	2.565406560897827	31.39691734313965
10.018	2.258500337600708	30.04285430908203
10.02	2.3520219326019287	30.218835830688477
10.022	1.9154754877090454	29.36292839050293
10.024	2.3010966777801514	28.624113082885742
10.026	2.358912229537964	29.093658447265625
10.028	2.6191680431365967	28.365814208984375
10.03	2.7000370025634766	30.790048599243164
10.032	3.004081964492798	31.467742919921875
10.034	3.2981834411621094	30.83658218383789
10.036	3.2614006996154785	31.38428497314453
10.038	4.856618404388428	39.62525939941406
10.04	5.717040538787842	41.57229995727539
10.042	4.548198223114014	39.963706970214844
10.044	3.7958812713623047	36.946956634521484
10.046	3.219003915786743	35.86442947387695
10.048	3.2921764850616455	34.68678283691406
10.05	3.2643322944641113	30.16437530517578
10.052	3.1340250968933105	30.881000518798828
10.054	3.1514554023742676	33.34790802001953
10.056	3.2546796798706055	32.170921325683594
10.058	3.0245521068573	32.90543746948242
10.06	2.9159722328186035	32.00345993041992
10.062	3.129128932952881	33.473941802978516
10.064	2.9719948768615723	29.775896072387695
10.066	2.868467092514038	32.39484786987305
10.068	2.8856189250946045	33.7684440612793
10.07	2.821855306625366	35.212371826171875
10.072	2.8505609035491943	32.01326370239258
10.074	2.824021577835083	32.083091735839844
10.076	2.883432149887085	34.639488220214844
10.078	3.0657339096069336	30.433147430419922
10.08	2.922183036804199	31.23421859741211
10.082	2.878203868865967	34.74720001220703
10.084	2.9616611003875732	33.8121452331543
10.086	2.744819402694702	51.54954147338867
10.088	2.379073143005371	53.81050491333008
10.09	1.8393086194992065	54.050071716308594
10.092	1.6799190044403076	54.090919494628906
10.094	1.7098593711853027	50.80998229980469
10.096	2.168039560317993	47.44942855834961
10.098	3.1002490520477295	43.525634765625
10.1	3.499272108078003	34.40068435668945
10.102	3.621072292327881	31.153005599975586
10.104	3.639817237854004	30.629579544067383
10.106	3.020217180252075	28.45298194885254
10.108	3.1189842224121094	29.132064819335938
10.11	2.8006343841552734	30.240320205688477
10.112	2.837275743484497	27.286592483520508
10.114	2.6211042404174805	23.601806640625
10.116	2.1057348251342773	27.323917388916016
10.118	2.0700199604034424	22.742992401123047
10.12	1.9994137287139893	25.446073532104492
10.122	2.3443899154663086	33.326168060302734
10.124	2.702225923538208	27.69154930114746
10.126	2.7575228214263916	26.769123077392578
10.128	2.606887102127075	27.223604202270508
10.13	2.9098799228668213	30.416311264038086
10.132	3.1838817596435547	34.124961853027344
10.134	3.7700626850128174	44.1638298034668
10.136	3.4075257778167725	45.91093063354492
10.138	2.478863477706909	54.298221588134766
10.14	2.275146245956421	60.89809036254883
10.142	1.8036147356033325	62.37763977050781
10.144	1.941292643547058	60.08686065673828
10.146	2.8130927085876465	57.20359802246094
10.148	3.584345579147339	46.0854377746582
10.15	3.8737740516662598	31.69814682006836
10.152	3.3160881996154785	28.402236938476562
10.154	3.1189987659454346	32.7575798034668
10.156	3.2515511512756348	35.53523254394531
10.158	2.95353364944458	31.24390411376953
10.16	3.0065762996673584	31.30971336364746
10.162	3.4977262020111084	43.467769622802734
10.164	4.036160945892334	45.294349670410156
10.166	4.755642890930176	48.17271423339844
10.168	5.0372185707092285	46.997772216796875
10.17	4.694048881530762	47.097408294677734
10.172	4.563605785369873	47.31611251831055
10.174	4.678545951843262	48.388580322265625
10.176	4.978493690490723	48.91056823730469
10.178	5.223611354827881	49.90510177612305
10.18	5.2085490226745605	49.72276306152344
10.182	4.884839057922363	46.465415954589844
10.184	4.57282829284668	48.50651168823242
10.186	4.757739543914795	51.33670425415039
10.188	4.855792999267578	52.254913330078125
10.19	5.005977630615234	53.2678337097168
10.192	5.4215192794799805	50.99714279174805
10.194	5.436065673828125	47.93758773803711
10.196	5.416954517364502	44.94465255737305
10.198	5.628216743469238	39.82545471191406
10.2	4.818003177642822	39.08039855957031
10.202	4.141695022583008	41.93708801269531
10.204	4.0798420906066895	40.36494827270508
10.206	3.9213361740112305	44.826499938964844
10.208	3.9125704765319824	43.514793395996094
10.21	3.828251361846924	36.36488723754883
10.212	3.618927240371704	38.77888107299805
10.214	3.6426138877868652	43.85330581665039
10.216	3.8565402030944824	46.986000061035156
10.218	3.9571495056152344	45.53987503051758
10.22	3.9711663722991943	45.770408630371094
10.222	3.977630376815796	46.77793884277344
10.224	4.170632362365723	46.91134262084961
10.226	4.026604652404785	46.01087951660156
10.228	4.2422895431518555	43.141746520996094
10.23	3.7485978603363037	48.3643798828125
10.232	4.062005996704102	50.90652847290039
10.234	4.403768539428711	56.48579025268555
10.236	4.819645881652832	53.11962127685547
10.238	4.419060230255127	52.785491943359375
10.24	4.848808288574219	50.58778762817383
10.242	5.71079683303833	46.80664825439453
10.244	6.671621799468994	41.16987228393555
10.246	7.80402135848999	14.051251411437988
10.248	6.41464376449585	16.287683486938477
10.25	3.1697707176208496	30.850893020629883
10.252	3.045243978500366	34.692771911621094
10.254	3.253810167312622	38.18915939331055
10.256	3.495944023132324	38.271827697753906
10.258	3.2789902687072754	35.806304931640625
10.26	3.2461910247802734	34.39555740356445
10.262	3.1199920177459717	30.939254760742188
10.264	3.0833005905151367	33.07734680175781
10.266	3.0224955081939697	36.316749572753906
10.268	3.24285626411438	36.548980712890625
10.27	3.3211147785186768	37.19477844238281
10.272	3.1284449100494385	43.501922607421875
10.274	3.0748777389526367	47.53489685058594
10.276	2.3703150749206543	46.575347900390625
10.278	2.3478317260742188	50.54931640625
10.28	2.2909719944000244	49.447967529296875
10.282	1.972489356994629	51.923789978027344
10.284	1.8502527475357056	56.880393981933594
10.286	1.6343261003494263	58.474876403808594
10.288	1.701143741607666	55.991188049316406
10.29	2.2824814319610596	46.43711853027344
10.292	3.4296064376831055	50.85454177856445
10.294	3.9700961112976074	55.98954772949219
10.296	5.336461067199707	45.501888275146484
10.298	6.7101006507873535	26.591651916503906
10.3	6.119320392608643	13.980244636535645
