children: []
meta:
  creationTime: 1715718195.7860723
  dataType: !!python/name:numpy.float64 ''
  defaults: {}
  description: ''
  fieldMap: {freq: 0, mag: 1, phase: 2}
  fieldNames: [freq, mag, phase]
  filename: \\132.166.23.175\room8a-data\FERBO\FB_W10_S4\run2\FBW10S4_204062-children\FBW10S4_204297.txt
  index: 251
  length: 251
  modificationTime: 1715718251.0295925
  name: FBW10S4_204297
  tags: ''
parameters: {}
tablefilename: FBW10S4_204297.txt
version: '1.0'
#end of header
freq	mag	phase
9.8	3.4545350074768066	23.264663696289062
9.802	3.0458147525787354	23.692970275878906
9.804	2.9155609607696533	18.838735580444336
9.806	2.830864191055298	17.21635627746582
9.808	2.7785189151763916	15.96078109741211
9.81	2.8131139278411865	19.918216705322266
9.812	2.8335323333740234	19.260866165161133
9.814	2.6936326026916504	17.95400619506836
9.816	2.792705535888672	18.6739501953125
9.818	2.768308162689209	18.306106567382812
9.82	2.835989236831665	20.517818450927734
9.822	2.7392659187316895	18.848360061645508
9.824	2.847343683242798	20.559476852416992
9.826	2.874176502227783	19.321889877319336
9.828	2.8558740615844727	21.732553482055664
9.83	2.848341703414917	22.792726516723633
9.832	2.9800004959106445	19.6025447845459
9.834	3.0633392333984375	21.771404266357422
9.836	3.015488386154175	19.695419311523438
9.838	3.0837411880493164	20.427167892456055
9.84	3.4604499340057373	21.376636505126953
9.842	3.9353437423706055	26.91594886779785
9.844	4.164782524108887	31.636381149291992
9.846	4.407623291015625	37.578487396240234
9.848	4.826412200927734	35.491703033447266
9.85	5.070284843444824	30.434608459472656
9.852	5.913266658782959	25.3858585357666
9.854	4.385837554931641	18.233388900756836
9.856	3.1526737213134766	17.86077880859375
9.858	2.4337193965911865	18.023170471191406
9.86	2.4692442417144775	19.11128044128418
9.862	2.7151966094970703	18.965229034423828
9.864	2.740271806716919	18.27849006652832
9.866	2.6631360054016113	18.423843383789062
9.868	2.5214760303497314	19.528980255126953
9.87	2.721411943435669	18.448392868041992
9.872	2.887238025665283	16.52675437927246
9.874	3.0340566635131836	18.551658630371094
9.876	2.9649603366851807	20.637542724609375
9.878	2.8802311420440674	19.82125473022461
9.88	2.9487059116363525	18.799942016601562
9.882	3.0029773712158203	16.530641555786133
9.884	2.8209714889526367	14.831247329711914
9.886	2.996068239212036	17.905059814453125
9.888	2.9179506301879883	18.399229049682617
9.89	2.930828809738159	19.777223587036133
9.892	2.9371113777160645	20.813148498535156
9.894	2.9018759727478027	20.201583862304688
9.896	2.887619733810425	15.647676467895508
9.898	2.9070374965667725	18.548742294311523
9.9	2.90057110786438	21.234085083007812
9.902	3.1429336071014404	19.735654830932617
9.904	3.264833450317383	18.631608963012695
9.906	3.285073757171631	17.97355079650879
9.908	3.2434022426605225	17.84178352355957
9.91	3.059222459793091	16.398359298706055
9.912	2.892857551574707	18.529136657714844
9.914	2.971823215484619	18.41103744506836
9.916	2.8428280353546143	19.33249855041504
9.918	2.929469585418701	20.013214111328125
9.92	2.881199359893799	19.489885330200195
9.922	2.9130637645721436	19.896379470825195
9.924	2.9176011085510254	18.99351692199707
9.926	3.057586908340454	19.448638916015625
9.928	2.9536073207855225	15.096942901611328
9.93	3.1678695678710938	15.732903480529785
9.932	3.441795825958252	18.623952865600586
9.934	3.83638072013855	24.4555721282959
9.936	3.5603880882263184	27.237260818481445
9.938	3.1916744709014893	23.897518157958984
9.94	2.839871406555176	26.66733741760254
9.942	2.9129786491394043	22.692943572998047
9.944	2.9832370281219482	21.17902183532715
9.946	3.0265963077545166	18.547603607177734
9.948	2.9627878665924072	20.106054306030273
9.95	3.1068735122680664	19.021358489990234
9.952	2.9964396953582764	17.78087043762207
9.954	3.068347930908203	18.418004989624023
9.956	3.0344409942626953	17.16451644897461
9.958	2.938978672027588	16.722810745239258
9.96	3.0307040214538574	16.569124221801758
9.962	2.9224605560302734	16.322690963745117
9.964	2.8095335960388184	18.07360076904297
9.966	2.8969292640686035	17.669742584228516
9.968	2.9069650173187256	18.46759605407715
9.97	2.812129259109497	19.56044578552246
9.972	2.7290422916412354	19.69145393371582
9.974	2.6647162437438965	18.00741195678711
9.976	2.707170009613037	17.827810287475586
9.978	2.777871608734131	19.18815803527832
9.98	2.879383087158203	15.709546089172363
9.982	2.8570261001586914	13.647767066955566
9.984	3.0272164344787598	12.692926406860352
9.986	4.574214935302734	28.25714683532715
9.988	6.0353803634643555	43.3529167175293
9.99	4.161818504333496	55.06394577026367
9.992	2.9054267406463623	47.52589416503906
9.994	2.1242122650146484	37.87346649169922
9.996	2.127981185913086	30.555997848510742
9.998	2.749702215194702	21.922834396362305
10.0	2.9227943420410156	20.81011199951172
10.002	2.942314863204956	18.314716339111328
10.004	2.9465837478637695	18.322498321533203
10.006	3.0144059658050537	19.000423431396484
10.008	3.0039594173431396	15.855162620544434
10.01	2.946533441543579	18.219022750854492
10.012	2.939054489135742	19.417823791503906
10.014	2.7415719032287598	16.03001594543457
10.016	2.5258631706237793	14.618829727172852
10.018	2.2026925086975098	14.843361854553223
10.02	2.2227208614349365	16.43388557434082
10.022	2.069453716278076	14.815421104431152
10.024	2.429194211959839	16.904870986938477
10.026	2.3353936672210693	17.15070915222168
10.028	2.431462049484253	17.393583297729492
10.03	2.773162364959717	15.20639705657959
10.032	2.7462382316589355	15.19642448425293
10.034	2.9116055965423584	15.16893482208252
10.036	3.4162557125091553	14.025917053222656
10.038	4.48784065246582	24.978782653808594
10.04	5.28558874130249	34.39841842651367
10.042	4.933477878570557	30.635286331176758
10.044	4.1132097244262695	29.281646728515625
10.046	3.574157953262329	28.76237678527832
10.048	3.399210214614868	26.930315017700195
10.05	3.427516460418701	25.285551071166992
10.052	3.3204615116119385	22.021163940429688
10.054	3.3296072483062744	19.251184463500977
10.056	3.2643585205078125	14.719948768615723
10.058	3.0911874771118164	18.92761993408203
10.06	2.9387142658233643	18.144248962402344
10.062	2.9354827404022217	18.097904205322266
10.064	2.8638923168182373	15.622325897216797
10.066	2.7301955223083496	22.0416202545166
10.068	2.8525075912475586	17.35242462158203
10.07	2.8713371753692627	17.369741439819336
10.072	2.8597323894500732	18.47693634033203
10.074	2.8622663021087646	17.502046585083008
10.076	2.8771352767944336	17.083898544311523
10.078	2.919506788253784	19.377443313598633
10.08	2.9221420288085938	22.911964416503906
10.082	3.0009305477142334	25.06912612915039
10.084	2.9674174785614014	24.39419174194336
10.086	2.6704623699188232	40.33811569213867
10.088	2.15397047996521	45.11456298828125
10.09	1.4315683841705322	44.998294830322266
10.092	1.4976013898849487	40.53995132446289
10.094	1.4656028747558594	38.41096496582031
10.096	1.7567646503448486	30.034196853637695
10.098	2.622957944869995	26.8656005859375
10.1	3.1932246685028076	19.923351287841797
10.102	3.6060986518859863	15.185796737670898
10.104	3.3717339038848877	11.83395767211914
10.106	2.9798953533172607	10.51724910736084
10.108	2.907005786895752	13.918647766113281
10.11	2.7171998023986816	17.268207550048828
10.112	2.831489086151123	13.593935012817383
10.114	2.831737756729126	12.559746742248535
10.116	2.1682045459747314	12.514184951782227
10.118	1.7557265758514404	12.340639114379883
10.12	2.0108721256256104	12.759864807128906
10.122	1.9392472505569458	14.157166481018066
10.124	2.4611434936523438	14.096100807189941
10.126	2.47845196723938	16.42670440673828
10.128	2.6402556896209717	13.503911972045898
10.13	2.593078136444092	13.625927925109863
10.132	2.990173101425171	20.15561294555664
10.134	3.189920663833618	22.915958404541016
10.136	2.5907785892486572	31.59598731994629
10.138	2.201692581176758	35.640445709228516
10.14	1.3801747560501099	37.93347930908203
10.142	0.6943658590316772	39.452056884765625
10.144	1.4034963846206665	39.64802551269531
10.146	1.984786033630371	39.48562240600586
10.148	2.95878529548645	22.167842864990234
10.15	3.7816555500030518	18.84061622619629
10.152	3.1078333854675293	18.64043426513672
10.154	3.013249635696411	16.933549880981445
10.156	2.8987207412719727	14.598607063293457
10.158	2.965630292892456	15.494036674499512
10.16	2.7792561054229736	18.937280654907227
10.162	2.7827694416046143	27.131149291992188
10.164	3.2234292030334473	37.24552536010742
10.166	3.520270347595215	37.69579315185547
10.168	3.979724168777466	37.936771392822266
10.17	3.976402997970581	38.77279281616211
10.172	3.955396890640259	40.184444427490234
10.174	4.249163627624512	41.42912673950195
10.176	4.790631294250488	47.243865966796875
10.178	5.015415668487549	46.584529876708984
10.18	4.9762773513793945	48.09745788574219
10.182	5.124568939208984	44.59574890136719
10.184	4.512275218963623	37.56578063964844
10.186	3.856947422027588	36.85731887817383
10.188	3.4935219287872314	40.74612045288086
10.19	4.061631202697754	42.777076721191406
10.192	4.347443103790283	44.21586990356445
10.194	4.794959545135498	42.13472366333008
10.196	5.018859386444092	33.48046112060547
10.198	5.145439147949219	30.086973190307617
10.2	3.7882919311523438	28.310026168823242
10.202	3.343693733215332	30.83513069152832
10.204	3.0592894554138184	33.5443229675293
10.206	3.0318541526794434	33.355018615722656
10.208	3.1867668628692627	33.881839752197266
10.21	3.27388072013855	29.437715530395508
10.212	3.0430259704589844	27.095666885375977
10.214	2.8930087089538574	31.03272247314453
10.216	2.9378836154937744	31.040355682373047
10.218	2.8740806579589844	29.42414093017578
10.22	2.8177175521850586	26.228044509887695
10.222	2.882307767868042	23.838224411010742
10.224	2.7261464595794678	23.63377571105957
10.226	2.9113693237304688	24.31467628479004
10.228	2.932668924331665	25.9739990234375
10.23	2.8614048957824707	26.448780059814453
10.232	2.8585407733917236	36.6034049987793
10.234	2.8007912635803223	36.51139831542969
10.236	2.541682243347168	44.64244079589844
10.238	3.044725179672241	40.39756774902344
10.24	3.8340930938720703	37.301937103271484
10.242	4.417722225189209	40.72785186767578
10.244	6.985229015350342	23.912185668945312
10.246	8.413785934448242	5.345863342285156
10.248	5.5143232345581055	3.813267230987549
10.25	2.854152202606201	11.843366622924805
10.252	2.4689669609069824	20.616762161254883
10.254	2.705428123474121	20.71863555908203
10.256	2.8270084857940674	22.63907241821289
10.258	2.821664810180664	21.328283309936523
10.26	2.8137619495391846	22.987560272216797
10.262	2.816615343093872	23.0476016998291
10.264	2.727552890777588	25.321060180664062
10.266	2.7533156871795654	25.805591583251953
10.268	2.808838367462158	24.404813766479492
10.27	2.626666307449341	24.507305145263672
10.272	2.3317699432373047	29.64191436767578
10.274	1.8753600120544434	31.276737213134766
10.276	1.3679451942443848	35.527957916259766
10.278	1.0972496271133423	35.764991760253906
10.28	0.9393188953399658	38.4180793762207
10.282	0.7944474816322327	39.189327239990234
10.284	0.7664954662322998	45.50270080566406
10.286	0.5566795468330383	45.02618408203125
10.288	0.6893749237060547	45.555599212646484
10.29	1.4160945415496826	35.45897674560547
10.292	2.918865203857422	38.79973602294922
10.294	3.204045295715332	42.63258743286133
10.296	4.898968696594238	37.05928039550781
10.298	6.37666654586792	18.083276748657227
10.3	5.9819512367248535	-5.044631481170654
