children: []
meta:
  creationTime: 1715711267.811224
  dataType: !!python/name:numpy.float64 ''
  defaults: {}
  description: ''
  fieldMap: {freq: 0, mag: 1, phase: 2}
  fieldNames: [freq, mag, phase]
  filename: \\132.166.23.175\room8a-data\FERBO\FB_W10_S4\run2\FBW10S4_204062-children\FBW10S4_204171.txt
  index: 251
  length: 251
  modificationTime: 1715711322.0585184
  name: FBW10S4_204171
  tags: ''
parameters: {}
tablefilename: FBW10S4_204171.txt
version: '1.0'
#end of header
freq	mag	phase
9.8	3.5019004344940186	27.782602310180664
9.802	2.939209222793579	27.911237716674805
9.804	2.968149185180664	28.400833129882812
9.806	2.8418214321136475	28.661598205566406
9.808	2.969539165496826	27.633771896362305
9.81	2.702169418334961	27.053466796875
9.812	2.7879252433776855	26.635908126831055
9.814	2.677279472351074	25.055513381958008
9.816	2.636603593826294	26.895952224731445
9.818	2.846449136734009	28.174062728881836
9.82	2.7888472080230713	26.966136932373047
9.822	2.804128885269165	28.097679138183594
9.824	2.8329946994781494	29.254270553588867
9.826	2.9833309650421143	30.26251220703125
9.828	2.9916176795959473	29.899593353271484
9.83	2.993253469467163	32.08860397338867
9.832	2.9290478229522705	30.280004501342773
9.834	3.1073086261749268	30.00650405883789
9.836	3.0758562088012695	28.354537963867188
9.838	3.1424720287323	30.894899368286133
9.84	3.791196823120117	35.3839111328125
9.842	4.062258243560791	36.55841827392578
9.844	4.166489124298096	40.75647735595703
9.846	4.579090595245361	40.197425842285156
9.848	5.137445449829102	42.46051025390625
9.85	5.387523174285889	33.29286575317383
9.852	5.5521063804626465	30.217620849609375
9.854	4.11945915222168	27.963504791259766
9.856	3.2639427185058594	28.446971893310547
9.858	2.8391287326812744	26.795015335083008
9.86	2.5460855960845947	26.28607940673828
9.862	2.516087293624878	27.32978057861328
9.864	2.7334847450256348	32.18476486206055
9.866	2.9494428634643555	28.48916244506836
9.868	2.6847150325775146	29.873294830322266
9.87	2.8341023921966553	30.00164031982422
9.872	2.858272075653076	29.667312622070312
9.874	2.9342195987701416	27.06332778930664
9.876	2.93770170211792	26.89044189453125
9.878	2.789658308029175	28.09596061706543
9.88	2.9926464557647705	30.535934448242188
9.882	3.009598970413208	27.268796920776367
9.884	2.8990464210510254	29.39533805847168
9.886	3.06229305267334	30.709304809570312
9.888	2.8979074954986572	28.94940757751465
9.89	2.924898147583008	29.86745834350586
9.892	2.905693292617798	31.68167495727539
9.894	2.986266851425171	32.675437927246094
9.896	3.065692663192749	31.921096801757812
9.898	3.0062999725341797	31.080617904663086
9.9	3.021390914916992	30.883014678955078
9.902	3.2910399436950684	31.371976852416992
9.904	3.412122964859009	29.29768943786621
9.906	3.187973737716675	25.448436737060547
9.908	3.0372960567474365	24.120174407958984
9.91	2.666203260421753	23.85594940185547
9.912	2.5750081539154053	26.123674392700195
9.914	2.5769495964050293	20.799203872680664
9.916	2.441760301589966	23.501922607421875
9.918	2.592472553253174	29.90947723388672
9.92	2.950071096420288	30.556442260742188
9.922	2.883723020553589	27.622934341430664
9.924	2.7786059379577637	28.775638580322266
9.926	2.9092767238616943	29.612913131713867
9.928	2.961061954498291	29.936378479003906
9.93	3.020246982574463	26.304248809814453
9.932	3.305712938308716	30.073467254638672
9.934	3.6987881660461426	34.47963333129883
9.936	3.6019487380981445	36.103271484375
9.938	3.252563953399658	33.367591857910156
9.94	2.9918251037597656	35.02116775512695
9.942	3.0123307704925537	31.264217376708984
9.944	2.8413281440734863	26.352901458740234
9.946	2.832871198654175	29.35064697265625
9.948	2.888643980026245	29.53390121459961
9.95	3.022735595703125	30.999670028686523
9.952	2.9471700191497803	27.18964958190918
9.954	2.7651546001434326	29.16712760925293
9.956	2.9590835571289062	28.168983459472656
9.958	2.866757392883301	25.076398849487305
9.96	2.7047674655914307	29.03841209411621
9.962	2.8832576274871826	28.43794059753418
9.964	2.783512592315674	30.35979461669922
9.966	2.8740334510803223	29.97321891784668
9.968	2.945241928100586	28.551584243774414
9.97	2.700436592102051	29.961509704589844
9.972	2.6646981239318848	28.48760223388672
9.974	2.578403949737549	26.713430404663086
9.976	2.719165325164795	25.621673583984375
9.978	2.845390796661377	27.23857879638672
9.98	2.778557777404785	25.683120727539062
9.982	2.838343620300293	23.650007247924805
9.984	3.0355989933013916	22.56165885925293
9.986	4.640261650085449	36.2611198425293
9.988	5.972159385681152	49.026451110839844
9.99	4.1044206619262695	61.9339485168457
9.992	2.9557578563690186	56.8747444152832
9.994	2.1007421016693115	48.916358947753906
9.996	2.2595913410186768	38.79373550415039
9.998	2.725639820098877	32.242000579833984
10.0	2.7898731231689453	31.643634796142578
10.002	2.9678022861480713	29.934465408325195
10.004	3.035543203353882	30.0274715423584
10.006	2.968494176864624	25.866199493408203
10.008	2.970634698867798	28.56316566467285
10.01	2.9762251377105713	26.688140869140625
10.012	2.7753095626831055	27.23388671875
10.014	2.6511332988739014	22.799922943115234
10.016	2.3103437423706055	23.45708656311035
10.018	2.2056145668029785	24.07306480407715
10.02	2.222762107849121	21.365339279174805
10.022	2.509021282196045	26.85541534423828
10.024	2.2899556159973145	25.938562393188477
10.026	2.184037685394287	24.20037078857422
10.028	2.526221990585327	25.686450958251953
10.03	2.722909927368164	26.003196716308594
10.032	2.7045414447784424	24.256296157836914
10.034	2.8033862113952637	23.371000289916992
10.036	3.3790390491485596	26.297697067260742
10.038	4.686479091644287	37.21760559082031
10.04	5.711160659790039	37.410274505615234
10.042	4.672293663024902	39.748924255371094
10.044	3.8571364879608154	37.92068099975586
10.046	3.1810269355773926	34.831050872802734
10.048	3.273515462875366	35.30388259887695
10.05	3.3873281478881836	36.111427307128906
10.052	3.7186317443847656	33.87993240356445
10.054	3.4277901649475098	31.752887725830078
10.056	3.202996253967285	28.052209854125977
10.058	3.049564838409424	27.09349822998047
10.06	2.868363380432129	27.004436492919922
10.062	2.794667959213257	26.90164566040039
10.064	2.8300015926361084	26.270483016967773
10.066	2.5715248584747314	25.11810302734375
10.068	2.600729465484619	28.599853515625
10.07	2.8027567863464355	28.514009475708008
10.072	2.824875593185425	27.463539123535156
10.074	2.846088409423828	28.351341247558594
10.076	2.888211488723755	28.52508544921875
10.078	3.039503812789917	29.952497482299805
10.08	3.004392385482788	29.482688903808594
10.082	2.91462779045105	31.131759643554688
10.084	2.8200271129608154	30.407190322875977
10.086	2.578242778778076	46.20741653442383
10.088	2.310293197631836	49.609291076660156
10.09	1.3542193174362183	48.56728744506836
10.092	1.646254539489746	49.81673049926758
10.094	1.668850302696228	47.51691436767578
10.096	2.0068588256835938	45.22428894042969
10.098	2.684342384338379	30.28128433227539
10.1	2.9382948875427246	24.805227279663086
10.102	3.132869005203247	14.610560417175293
10.104	2.948540449142456	19.379493713378906
10.106	2.927551031112671	21.64142417907715
10.108	2.582348346710205	19.6600399017334
10.11	2.4711124897003174	20.053585052490234
10.112	2.456007957458496	23.42313003540039
10.114	2.5068559646606445	19.677820205688477
10.116	1.715674638748169	19.315610885620117
10.118	1.6210657358169556	18.273075103759766
10.12	2.009697198867798	23.52212905883789
10.122	2.191181182861328	24.639307022094727
10.124	2.524803876876831	24.917444229125977
10.126	2.4767796993255615	25.282995223999023
10.128	2.585294246673584	23.9483585357666
10.13	2.7867209911346436	25.1278076171875
10.132	3.139613151550293	29.873390197753906
10.134	3.4141337871551514	35.61943817138672
10.136	2.944064140319824	42.528038024902344
10.138	2.464097499847412	45.636146545410156
10.14	1.73725163936615	52.81245422363281
10.142	1.30868661403656	53.81309509277344
10.144	1.499444603919983	54.101749420166016
10.146	2.4973974227905273	52.37284851074219
10.148	3.2804508209228516	41.03524398803711
10.15	3.8337595462799072	29.930301666259766
10.152	3.301455497741699	29.807167053222656
10.154	3.2179489135742188	32.265159606933594
10.156	3.32574200630188	32.60501480102539
10.158	3.162152051925659	33.23661804199219
10.16	3.1042981147766113	32.40681838989258
10.162	3.262300729751587	34.90070343017578
10.164	3.6741139888763428	41.6234245300293
10.166	4.163350582122803	45.01466751098633
10.168	4.099241733551025	43.06761932373047
10.17	4.012753486633301	39.864654541015625
10.172	3.7932052612304688	41.39982604980469
10.174	3.9292240142822266	44.843868255615234
10.176	4.646850109100342	50.147735595703125
10.178	5.172937393188477	50.3608512878418
10.18	4.919067859649658	48.772613525390625
10.182	4.812646389007568	44.1297721862793
10.184	4.287271022796631	44.75162124633789
10.186	4.340494632720947	47.37460708618164
10.188	4.588042259216309	51.911865234375
10.19	5.1631999015808105	51.598087310791016
10.192	5.6619415283203125	51.861839294433594
10.194	5.786223411560059	49.56188201904297
10.196	5.674070835113525	44.579647064208984
10.198	6.318960666656494	41.782249450683594
10.2	5.486088275909424	41.93556594848633
10.202	4.5374274253845215	42.39228057861328
10.204	4.218794822692871	45.75172805786133
10.206	4.282960414886475	43.95014572143555
10.208	3.9139699935913086	44.165306091308594
10.21	3.709683656692505	36.68605422973633
10.212	3.383619785308838	31.619626998901367
10.214	3.118161916732788	40.572418212890625
10.216	3.502426862716675	42.10298538208008
10.218	3.677187442779541	43.83927917480469
10.22	3.732459545135498	40.77878189086914
10.222	3.4324028491973877	40.525081634521484
10.224	3.6382863521575928	41.83433532714844
10.226	3.654522180557251	41.749385833740234
10.228	3.5724122524261475	37.455787658691406
10.23	3.3414556980133057	37.738216400146484
10.232	3.3834128379821777	47.088260650634766
10.234	3.495068073272705	46.931396484375
10.236	3.79329776763916	50.089447021484375
10.238	3.93416166305542	49.04414367675781
10.24	4.260862350463867	42.408538818359375
10.242	4.565929412841797	46.35702896118164
10.244	6.947592735290527	31.674650192260742
10.246	8.105703353881836	11.269381523132324
10.248	6.298807144165039	17.004056930541992
10.25	3.3022873401641846	25.644559860229492
10.252	3.0730957984924316	34.327972412109375
10.254	3.2464511394500732	35.58527374267578
10.256	3.461616277694702	34.43965530395508
10.258	3.3369507789611816	32.05178451538086
10.26	2.959489583969116	29.01919937133789
10.262	2.8467886447906494	29.527402877807617
10.264	2.9656689167022705	31.932415008544922
10.266	3.0187225341796875	30.6857967376709
10.268	3.3435370922088623	38.59635925292969
10.27	3.5371527671813965	40.019866943359375
10.272	3.368154287338257	43.35030746459961
10.274	3.086230516433716	46.35455322265625
10.276	2.6307175159454346	54.242942810058594
10.278	2.7167129516601562	54.575775146484375
10.28	2.6159989833831787	56.326515197753906
10.282	2.6541266441345215	55.021331787109375
10.284	2.2496330738067627	55.28207015991211
10.286	1.7138053178787231	58.58774948120117
10.288	1.8687227964401245	58.79669952392578
10.29	2.6213724613189697	50.695579528808594
10.292	3.424896478652954	55.17882537841797
10.294	4.412336826324463	58.45866775512695
10.296	5.463133335113525	48.95314025878906
10.298	7.1831889152526855	30.083431243896484
10.3	6.461437702178955	10.877662658691406
