children: []
meta:
  creationTime: 1715717530.3837242
  dataType: !!python/name:numpy.float64 ''
  defaults: {}
  description: ''
  fieldMap: {freq: 0, mag: 1, phase: 2}
  fieldNames: [freq, mag, phase]
  filename: \\132.166.23.175\room8a-data\FERBO\FB_W10_S4\run2\FBW10S4_204062-children\FBW10S4_204285.txt
  index: 251
  length: 251
  modificationTime: 1715717585.7749
  name: FBW10S4_204285
  tags: ''
parameters: {}
tablefilename: FBW10S4_204285.txt
version: '1.0'
#end of header
freq	mag	phase
9.8	2.9520671367645264	20.81996726989746
9.802	2.9520671367645264	24.00564956665039
9.804	2.745161533355713	26.335285186767578
9.806	2.8959081172943115	26.95828628540039
9.808	2.689007520675659	24.968502044677734
9.81	2.6593306064605713	27.740184783935547
9.812	2.6107168197631836	25.87276268005371
9.814	2.6399827003479004	25.107275009155273
9.816	2.673250913619995	22.13884925842285
9.818	2.6678731441497803	30.082822799682617
9.82	2.7982232570648193	27.602821350097656
9.822	2.7310309410095215	25.976593017578125
9.824	2.8513927459716797	22.478349685668945
9.826	2.869931697845459	27.913156509399414
9.828	2.8671457767486572	26.32356834411621
9.83	2.7070555686950684	30.181034088134766
9.832	2.99177622795105	23.276586532592773
9.834	2.944906234741211	28.681108474731445
9.836	2.929513931274414	25.55762481689453
9.838	3.122556209564209	28.298377990722656
9.84	3.797121047973633	34.20871353149414
9.842	4.013144016265869	32.99001693725586
9.844	4.116447925567627	36.87664031982422
9.846	4.31360387802124	41.262393951416016
9.848	4.79889440536499	41.7625617980957
9.85	4.422770977020264	30.633121490478516
9.852	3.120370388031006	26.240285873413086
9.854	3.7013919353485107	24.808183670043945
9.856	3.1619820594787598	24.94248390197754
9.858	2.664320945739746	25.120210647583008
9.86	2.456254482269287	26.798789978027344
9.862	2.7235324382781982	24.667755126953125
9.864	2.7231318950653076	27.7449951171875
9.866	2.7306251525878906	30.135211944580078
9.868	2.7005577087402344	27.140295028686523
9.87	2.701014280319214	28.400815963745117
9.872	2.810702323913574	27.782922744750977
9.874	3.026381254196167	30.7384090423584
9.876	2.9921200275421143	31.057273864746094
9.878	3.01185941696167	30.98310661315918
9.88	2.99185848236084	26.29906463623047
9.882	2.9067373275756836	28.509796142578125
9.884	3.034149169921875	28.7963809967041
9.886	2.9118003845214844	24.230430603027344
9.888	2.8808329105377197	22.89735221862793
9.89	2.9436118602752686	29.919897079467773
9.892	3.012751817703247	31.140830993652344
9.894	2.9485979080200195	31.38580894470215
9.896	2.884751558303833	32.36236572265625
9.898	3.074293851852417	33.691524505615234
9.9	3.0831823348999023	34.116580963134766
9.902	3.2312004566192627	33.31028747558594
9.904	3.218658685684204	29.79730796813965
9.906	3.227987766265869	31.81235122680664
9.908	3.3405091762542725	29.116313934326172
9.91	3.0203380584716797	28.593578338623047
9.912	3.0641441345214844	30.180082321166992
9.914	2.9431979656219482	31.97788429260254
9.916	3.0418155193328857	23.454336166381836
9.918	2.8842692375183105	27.933443069458008
9.92	2.9224300384521484	28.985857009887695
9.922	2.918297052383423	26.033462524414062
9.924	2.8564276695251465	31.712982177734375
9.926	3.085054636001587	29.33329200744629
9.928	3.064894914627075	26.52252960205078
9.93	3.1554129123687744	31.151493072509766
9.932	3.4530375003814697	30.322187423706055
9.934	3.8537678718566895	38.687217712402344
9.936	4.037680149078369	33.27521896362305
9.938	3.391244411468506	34.58431625366211
9.94	3.0623245239257812	35.07678985595703
9.942	3.072361707687378	34.989192962646484
9.944	3.0432302951812744	31.866159439086914
9.946	2.971468210220337	28.584228515625
9.948	3.1209163665771484	31.007200241088867
9.95	3.1751933097839355	29.10464096069336
9.952	3.159569501876831	29.993980407714844
9.954	3.134369373321533	27.28511619567871
9.956	3.110917568206787	25.6934757232666
9.958	3.051262140274048	27.456052780151367
9.96	2.880763530731201	28.419321060180664
9.962	2.996272087097168	28.101144790649414
9.964	2.9331605434417725	27.145490646362305
9.966	2.911931037902832	27.482040405273438
9.968	3.067113161087036	26.34586524963379
9.97	2.8497114181518555	26.250207901000977
9.972	2.6874208450317383	28.096073150634766
9.974	2.49118971824646	29.5082950592041
9.976	2.865807056427002	26.25933265686035
9.978	2.9653525352478027	30.910552978515625
9.98	2.9593124389648438	25.729267120361328
9.982	2.9489235877990723	26.75579833984375
9.984	3.1097781658172607	26.601787567138672
9.986	4.7678117752075195	40.27394104003906
9.988	6.070669651031494	50.070072174072266
9.99	4.164742469787598	63.24436950683594
9.992	3.0560808181762695	58.243228912353516
9.994	2.3279919624328613	45.15500259399414
9.996	2.235421895980835	35.80134582519531
9.998	2.785871744155884	35.4550895690918
10.0	2.9249510765075684	33.17082595825195
10.002	2.9887022972106934	30.08098602294922
10.004	3.060020923614502	28.894954681396484
10.006	3.1909494400024414	29.7537784576416
10.008	3.1957781314849854	30.39903450012207
10.01	2.9997124671936035	26.743087768554688
10.012	2.930657148361206	29.58868980407715
10.014	2.801966428756714	24.552452087402344
10.016	2.5163307189941406	27.178672790527344
10.018	2.438699722290039	27.59011459350586
10.02	2.4549479484558105	31.335418701171875
10.022	2.215550184249878	28.216455459594727
10.024	2.445657730102539	25.007266998291016
10.026	2.4147422313690186	25.80142593383789
10.028	2.4788215160369873	28.381853103637695
10.03	2.6690449714660645	26.176132202148438
10.032	2.827444314956665	25.43536376953125
10.034	2.892319440841675	18.55046272277832
10.036	3.0071890354156494	24.22067642211914
10.038	4.664255142211914	36.51078414916992
10.04	5.675897121429443	40.42832946777344
10.042	4.503620147705078	37.889278411865234
10.044	3.8880367279052734	37.923728942871094
10.046	3.4382009506225586	36.728145599365234
10.048	3.4359469413757324	35.42884063720703
10.05	3.7229549884796143	38.556968688964844
10.052	3.5120813846588135	31.34013557434082
10.054	3.332545280456543	31.507444381713867
10.056	3.345794916152954	23.146465301513672
10.058	2.966756582260132	24.12752342224121
10.06	2.8920907974243164	26.358287811279297
10.062	2.862938404083252	25.8308162689209
10.064	2.8470075130462646	24.076078414916992
10.066	2.5761795043945312	25.892318725585938
10.068	2.7237789630889893	24.33408546447754
10.07	2.8892786502838135	24.942768096923828
10.072	2.826853036880493	23.164777755737305
10.074	2.69114351272583	25.646076202392578
10.076	2.7303965091705322	25.890544891357422
10.078	2.8064258098602295	32.453857421875
10.08	2.9928181171417236	38.837799072265625
10.082	2.902031421661377	36.567020416259766
10.084	2.829972267150879	35.11845779418945
10.086	2.5398614406585693	47.00392150878906
10.088	2.061028242111206	45.58821487426758
10.09	1.5820136070251465	53.14858627319336
10.092	1.5557612180709839	48.87994384765625
10.094	1.6111419200897217	50.722198486328125
10.096	2.015730857849121	42.96174240112305
10.098	2.686131477355957	39.65702438354492
10.1	3.391571283340454	33.60654830932617
10.102	3.753521203994751	29.346057891845703
10.104	3.490868330001831	28.252132415771484
10.106	3.1650965213775635	26.27552604675293
10.108	3.1014952659606934	26.60228157043457
10.11	2.861217975616455	31.810693740844727
10.112	3.0452880859375	29.92449378967285
10.114	2.830206871032715	30.566991806030273
10.116	2.2830495834350586	25.84603500366211
10.118	1.9868067502975464	20.969566345214844
10.12	2.0912606716156006	25.93178939819336
10.122	2.2618355751037598	24.571895599365234
10.124	2.288661479949951	20.347593307495117
10.126	2.412156820297241	24.298250198364258
10.128	2.6039979457855225	19.17017936706543
10.13	2.725733757019043	21.8812255859375
10.132	2.9090397357940674	29.835437774658203
10.134	3.353358030319214	37.34955978393555
10.136	3.097069501876831	41.790618896484375
10.138	2.2256276607513428	50.562782287597656
10.14	1.8490453958511353	49.12895202636719
10.142	1.0748472213745117	50.31875991821289
10.144	1.3156967163085938	49.53516387939453
10.146	2.2478737831115723	46.02963638305664
10.148	2.7680916786193848	37.19750213623047
10.15	3.5399272441864014	27.615768432617188
10.152	3.1778433322906494	25.354883193969727
10.154	3.0372602939605713	25.74538803100586
10.156	3.1605899333953857	26.7471923828125
10.158	2.9036600589752197	27.573972702026367
10.16	2.7775888442993164	26.66481590270996
10.162	2.7789504528045654	27.8195743560791
10.164	2.9690892696380615	33.87955093383789
10.166	3.0005970001220703	33.2877197265625
10.168	3.1855361461639404	32.012271881103516
10.17	3.2288777828216553	36.489437103271484
10.172	3.48374605178833	39.37099838256836
10.174	3.750213384628296	37.387535095214844
10.176	3.9232065677642822	43.658714294433594
10.178	4.319512367248535	45.40815353393555
10.18	4.58343505859375	43.805912017822266
10.182	4.250199794769287	41.441017150878906
10.184	4.080286502838135	39.50054168701172
10.186	4.167250156402588	40.282691955566406
10.188	3.8024954795837402	44.94822311401367
10.19	4.150219440460205	48.621360778808594
10.192	4.873232364654541	47.826454162597656
10.194	5.354292869567871	47.75034713745117
10.196	5.858917236328125	44.049007415771484
10.198	5.828060150146484	35.855743408203125
10.2	4.707951545715332	38.547393798828125
10.202	4.161297798156738	42.642635345458984
10.204	4.279586315155029	42.39896011352539
10.206	3.9224579334259033	43.25290298461914
10.208	3.7881789207458496	39.23112487792969
10.21	3.550537109375	33.76393508911133
10.212	3.1885838508605957	33.63179397583008
10.214	2.772667407989502	33.27231979370117
10.216	2.8380894660949707	32.921390533447266
10.218	2.683412790298462	32.825042724609375
10.22	2.768413543701172	30.912954330444336
10.222	2.846628189086914	33.58272171020508
10.224	2.918891668319702	31.35495376586914
10.226	2.7770135402679443	26.46015167236328
10.228	2.735701322555542	32.65563201904297
10.23	2.7958993911743164	32.533729553222656
10.232	2.768937349319458	38.12110137939453
10.234	2.726969003677368	41.92136764526367
10.236	3.1132359504699707	43.44692611694336
10.238	3.072798490524292	46.00385665893555
10.24	3.7624387741088867	41.963600158691406
10.242	4.962468147277832	47.29647445678711
10.244	6.613361358642578	33.786556243896484
10.246	7.508899211883545	1.114326000213623
10.248	6.035698413848877	6.972381114959717
10.25	2.728522300720215	15.806862831115723
10.252	2.3105711936950684	22.83582878112793
10.254	2.772132158279419	26.212745666503906
10.256	2.7833242416381836	26.55030632019043
10.258	2.724844217300415	23.356050491333008
10.26	2.6344354152679443	26.746652603149414
10.262	2.803534507751465	27.057449340820312
10.264	2.7670300006866455	28.983613967895508
10.266	2.9142305850982666	30.473865509033203
10.268	2.9234209060668945	30.387971878051758
10.27	2.779932975769043	33.9820671081543
10.272	2.4921681880950928	36.477928161621094
10.274	1.9928622245788574	37.71163558959961
10.276	1.4683058261871338	42.071739196777344
10.278	1.2070077657699585	41.584075927734375
10.28	1.0293118953704834	47.6237678527832
10.282	0.9828931093215942	46.13727951049805
10.284	0.7335626482963562	50.67796325683594
10.286	0.5878065824508667	53.4578971862793
10.288	0.3525434136390686	50.7545166015625
10.29	1.9244868755340576	36.928741455078125
10.292	2.767223596572876	43.6275520324707
10.294	3.5354163646698	50.83820343017578
10.296	4.492292404174805	43.38862991333008
10.298	6.336595058441162	12.163290977478027
10.3	6.856457233428955	5.850203990936279
