children: []
meta:
  creationTime: 1715705991.000125
  dataType: !!python/name:numpy.float64 ''
  defaults: {}
  description: ''
  fieldMap: {freq: 0, mag: 1, phase: 2}
  fieldNames: [freq, mag, phase]
  filename: \\132.166.23.175\room8a-data\FERBO\FB_W10_S4\run2\FBW10S4_204062-children\FBW10S4_204074.txt
  index: 251
  length: 251
  modificationTime: 1715706045.022032
  name: FBW10S4_204074
  tags: ''
parameters: {}
tablefilename: FBW10S4_204074.txt
version: '1.0'
#end of header
freq	mag	phase
9.8	4.143421173095703	19.145341873168945
9.802	2.906601905822754	26.861980438232422
9.804	3.148749828338623	24.154483795166016
9.806	3.1481435298919678	25.02243995666504
9.808	2.9439587593078613	24.523639678955078
9.81	2.917180061340332	21.397727966308594
9.812	2.878324508666992	24.535259246826172
9.814	2.6159017086029053	25.545297622680664
9.816	2.8854241371154785	26.524621963500977
9.818	3.061164140701294	26.375600814819336
9.82	3.1610331535339355	25.23614501953125
9.822	2.8702282905578613	27.590606689453125
9.824	3.042243480682373	21.607921600341797
9.826	3.104983329772949	24.234811782836914
9.828	3.0958988666534424	23.947179794311523
9.83	2.9699361324310303	23.0950927734375
9.832	3.009354591369629	24.684249877929688
9.834	3.0956339836120605	25.396730422973633
9.836	3.0637173652648926	21.88715934753418
9.838	3.075488567352295	24.587543487548828
9.84	3.4997503757476807	27.79119110107422
9.842	3.890596628189087	35.522579193115234
9.844	3.9966211318969727	33.84453582763672
9.846	4.00795841217041	40.04055404663086
9.848	4.2278361320495605	40.638702392578125
9.85	4.037125587463379	40.00043869018555
9.852	3.2519619464874268	31.122821807861328
9.854	3.416846513748169	25.678991317749023
9.856	3.026118040084839	23.52188491821289
9.858	2.370628595352173	21.014497756958008
9.86	2.284492254257202	23.040510177612305
9.862	2.804412841796875	26.507015228271484
9.864	2.945441722869873	23.92743492126465
9.866	2.7380104064941406	25.229511260986328
9.868	2.678069591522217	26.223295211791992
9.87	2.817873001098633	25.57830047607422
9.872	2.9213995933532715	26.545732498168945
9.874	3.1152496337890625	24.329374313354492
9.876	3.047555923461914	27.567907333374023
9.878	3.1070690155029297	28.240192413330078
9.88	3.2454705238342285	25.38690185546875
9.882	3.2002792358398438	25.747098922729492
9.884	3.172783374786377	26.265836715698242
9.886	3.200845718383789	25.038116455078125
9.888	3.1700382232666016	25.126863479614258
9.89	3.138117790222168	25.926084518432617
9.892	3.1448206901550293	25.656347274780273
9.894	3.050032615661621	29.1037540435791
9.896	3.153574228286743	26.86709976196289
9.898	3.1869266033172607	27.59278678894043
9.9	3.210644006729126	28.324296951293945
9.902	3.339641571044922	30.133289337158203
9.904	3.5676021575927734	25.942577362060547
9.906	3.507845878601074	24.079837799072266
9.908	3.283365488052368	23.6937255859375
9.91	3.2236454486846924	22.900033950805664
9.912	3.1256520748138428	26.85873794555664
9.914	3.2109413146972656	25.953563690185547
9.916	3.2653920650482178	27.802433013916016
9.918	3.2675678730010986	28.093917846679688
9.92	3.3351078033447266	26.57571029663086
9.922	3.208216667175293	26.69903564453125
9.924	3.2779877185821533	27.45429229736328
9.926	3.2376368045806885	27.321081161499023
9.928	3.2961347103118896	22.44528579711914
9.93	3.158271312713623	25.160612106323242
9.932	3.407804250717163	25.908119201660156
9.934	3.8884518146514893	30.972396850585938
9.936	3.8034632205963135	37.02646255493164
9.938	3.462419271469116	32.421905517578125
9.94	3.12972354888916	33.58968734741211
9.942	2.98988676071167	30.264223098754883
9.944	3.2735812664031982	25.695615768432617
9.946	3.154080629348755	27.106002807617188
9.948	3.210218906402588	27.221342086791992
9.95	3.1836190223693848	23.688793182373047
9.952	3.204477071762085	25.760560989379883
9.954	3.212132692337036	24.42698860168457
9.956	3.1768975257873535	19.880369186401367
9.958	2.959580898284912	19.374465942382812
9.96	2.8647782802581787	23.407581329345703
9.962	3.124882459640503	24.75194549560547
9.964	3.116800546646118	24.62146759033203
9.966	2.805450201034546	20.52960205078125
9.968	3.036696195602417	23.932525634765625
9.97	2.966594934463501	22.75290870666504
9.972	2.718574285507202	24.68616485595703
9.974	2.617342948913574	26.720563888549805
9.976	2.940755844116211	24.235301971435547
9.978	3.153493881225586	23.653675079345703
9.98	3.028459310531616	24.632719039916992
9.982	2.952329158782959	23.13009262084961
9.984	3.070056200027466	17.129638671875
9.986	4.359363079071045	31.822214126586914
9.988	5.835110187530518	46.72966003417969
9.99	3.809767007827759	60.658138275146484
9.992	2.5983784198760986	52.169925689697266
9.994	1.4825509786605835	40.828086853027344
9.996	2.161742687225342	33.26438903808594
9.998	2.6418919563293457	29.958988189697266
10.0	2.656928300857544	30.14606475830078
10.002	2.9843122959136963	28.02998161315918
10.004	3.0543723106384277	24.22623634338379
10.006	3.122905731201172	22.199613571166992
10.008	3.121870756149292	26.497461318969727
10.01	3.1824991703033447	24.404541015625
10.012	3.0053257942199707	23.873092651367188
10.014	2.8420872688293457	24.234268188476562
10.016	2.423880100250244	21.91584587097168
10.018	2.1737165451049805	23.21051788330078
10.02	2.1531336307525635	21.008169174194336
10.022	2.0331759452819824	23.75861167907715
10.024	2.399055242538452	22.574983596801758
10.026	2.226921319961548	20.577720642089844
10.028	2.6535634994506836	23.567487716674805
10.03	3.032576322555542	22.92681884765625
10.032	2.811302900314331	22.427898406982422
10.034	2.8544771671295166	23.96697235107422
10.036	3.419126510620117	21.411653518676758
10.038	4.264273166656494	29.00392723083496
10.04	5.042784214019775	33.46278381347656
10.042	4.25661563873291	35.946624755859375
10.044	3.669128656387329	34.48081970214844
10.046	3.2811498641967773	33.5224723815918
10.048	3.2721965312957764	34.97288131713867
10.05	3.3309803009033203	31.465967178344727
10.052	3.579792022705078	31.248275756835938
10.054	3.4247169494628906	28.152137756347656
10.056	3.369929552078247	25.687026977539062
10.058	3.3312339782714844	26.84025001525879
10.06	3.1249423027038574	27.912019729614258
10.062	3.1892054080963135	27.40525245666504
10.064	3.1374497413635254	29.52594757080078
10.066	3.3310747146606445	31.68964958190918
10.068	3.2344141006469727	32.16341781616211
10.07	3.480577230453491	32.78496551513672
10.072	3.4232447147369385	35.862884521484375
10.074	3.906221628189087	42.99327850341797
10.076	4.324948787689209	43.0069580078125
10.078	4.3856048583984375	38.27983093261719
10.08	3.8486695289611816	46.05394744873047
10.082	4.277982711791992	50.09318923950195
10.084	4.396871566772461	48.81662368774414
10.086	3.9378979206085205	58.082454681396484
10.088	2.6965391635894775	58.364784240722656
10.09	1.6497445106506348	56.2130012512207
10.092	1.349185585975647	58.46590042114258
10.094	1.3708343505859375	57.7705192565918
10.096	2.0931968688964844	52.29014205932617
10.098	2.634429931640625	48.0920295715332
10.1	3.307792901992798	31.452842712402344
10.102	3.3510847091674805	29.368614196777344
10.104	3.6275222301483154	26.698890686035156
10.106	3.3404364585876465	28.404277801513672
10.108	3.309950351715088	27.535905838012695
10.11	3.1290478706359863	26.29353141784668
10.112	3.1495184898376465	25.110801696777344
10.114	3.0083186626434326	31.742982864379883
10.116	2.578000545501709	27.465545654296875
10.118	1.9999208450317383	26.983861923217773
10.12	1.6777446269989014	25.947208404541016
10.122	2.339116334915161	29.079275131225586
10.124	2.7821145057678223	24.59086036682129
10.126	2.71309757232666	25.247941970825195
10.128	3.0383353233337402	30.654159545898438
10.13	3.2374234199523926	35.3820686340332
10.132	3.735477924346924	42.63249206542969
10.134	4.141728401184082	45.3581657409668
10.136	3.0546624660491943	48.76166915893555
10.138	2.0781118869781494	54.85318374633789
10.14	1.9554983377456665	58.90264129638672
10.142	1.4323642253875732	60.970359802246094
10.144	1.9967749118804932	63.29745864868164
10.146	2.991469144821167	60.29716873168945
10.148	3.3601953983306885	52.21935272216797
10.15	4.576440334320068	40.99833679199219
10.152	4.169014930725098	45.636226654052734
10.154	4.494936466217041	45.14339065551758
10.156	4.608140468597412	41.938140869140625
10.158	4.07314395904541	24.95273780822754
10.16	2.958444118499756	36.862361907958984
10.162	4.384952545166016	48.67746353149414
10.164	5.059503078460693	50.06317901611328
10.166	5.177309513092041	49.988975524902344
10.168	5.525747776031494	50.66526794433594
10.17	5.452686786651611	49.82284164428711
10.172	5.288618087768555	51.41065979003906
10.174	5.461584568023682	50.37299728393555
10.176	5.5309600830078125	52.08572769165039
10.178	5.510644435882568	49.024322509765625
10.18	4.685759544372559	43.63401794433594
10.182	4.3725481033325195	35.81131362915039
10.184	3.251023769378662	27.97446060180664
10.186	3.3479700088500977	31.90939712524414
10.188	3.484147548675537	30.95609474182129
10.19	3.4308414459228516	37.51551055908203
10.192	4.390274524688721	48.06009292602539
10.194	5.210385322570801	46.150474548339844
10.196	5.086147785186768	34.72574996948242
10.198	4.475653648376465	22.035463333129883
10.2	3.639789581298828	22.186670303344727
10.202	2.9095616340637207	23.932140350341797
10.204	2.6545753479003906	23.653772354125977
10.206	2.478402853012085	23.00300407409668
10.208	2.5324785709381104	25.960742950439453
10.21	2.982863187789917	25.764352798461914
10.212	3.1442158222198486	25.03134536743164
10.214	2.8405253887176514	23.914215087890625
10.216	2.7080507278442383	24.746431350708008
10.218	2.6719799041748047	25.043882369995117
10.22	2.690009117126465	26.641613006591797
10.222	2.982062339782715	23.476659774780273
10.224	2.9770374298095703	24.311115264892578
10.226	3.1814184188842773	27.477581024169922
10.228	3.2269065380096436	25.451520919799805
10.23	3.0708906650543213	27.47671127319336
10.232	2.762887954711914	32.020904541015625
10.234	2.4694974422454834	41.548927307128906
10.236	2.3030810356140137	36.63785934448242
10.238	2.7548394203186035	38.2427978515625
10.24	3.529949903488159	39.35359573364258
10.242	4.38258695602417	43.984588623046875
10.244	5.569195747375488	36.08045959472656
10.246	7.436212539672852	4.483898639678955
10.248	5.4400410652160645	10.015830993652344
10.25	2.9621129035949707	21.763280868530273
10.252	2.730099678039551	25.510589599609375
10.254	3.006636142730713	28.474695205688477
10.256	3.1546082496643066	25.362226486206055
10.258	3.191950798034668	25.246171951293945
10.26	3.0430612564086914	25.054956436157227
10.262	3.0394256114959717	24.658737182617188
10.264	2.9777517318725586	26.265605926513672
10.266	3.0463950634002686	31.13532829284668
10.268	3.952802896499634	41.39033126831055
10.27	4.487944602966309	47.454490661621094
10.272	4.537601947784424	53.60657501220703
10.274	4.358705043792725	57.74675750732422
10.276	3.9664523601531982	58.65325927734375
10.278	3.6992814540863037	61.94769287109375
10.28	3.739771842956543	62.160316467285156
10.282	3.1536240577697754	65.34938049316406
10.284	2.8491663932800293	62.76426696777344
10.286	1.616768479347229	62.341880798339844
10.288	1.179460883140564	58.8286018371582
10.29	2.8284871578216553	53.324161529541016
10.292	3.898780584335327	55.88638687133789
10.294	3.933110475540161	53.80464553833008
10.296	4.044275283813477	46.79472732543945
10.298	5.710107803344727	24.717344284057617
10.3	6.297833442687988	2.145578622817993
