children: []
meta:
  creationTime: 1715709583.0274193
  dataType: !!python/name:numpy.float64 ''
  defaults: {}
  description: ''
  fieldMap: {freq: 0, mag: 1, phase: 2}
  fieldNames: [freq, mag, phase]
  filename: \\132.166.23.175\room8a-data\FERBO\FB_W10_S4\run2\FBW10S4_204062-children\FBW10S4_204140.txt
  index: 251
  length: 251
  modificationTime: 1715709636.8944342
  name: FBW10S4_204140
  tags: ''
parameters: {}
tablefilename: FBW10S4_204140.txt
version: '1.0'
#end of header
freq	mag	phase
9.8	2.755836009979248	25.861026763916016
9.802	2.7215452194213867	26.563562393188477
9.804	2.6705563068389893	24.783004760742188
9.806	2.6814181804656982	23.517498016357422
9.808	2.53950834274292	25.501203536987305
9.81	2.520756483078003	25.672836303710938
9.812	2.5438902378082275	25.985980987548828
9.814	2.556462287902832	25.097135543823242
9.816	2.415470600128174	26.974197387695312
9.818	2.614903211593628	26.19637680053711
9.82	2.638666868209839	25.921674728393555
9.822	2.701176881790161	24.898700714111328
9.824	2.730022668838501	25.46869659423828
9.826	2.702382802963257	26.78460693359375
9.828	2.7559165954589844	27.34772491455078
9.83	2.7194275856018066	25.715251922607422
9.832	2.7738428115844727	27.523542404174805
9.834	2.8501274585723877	29.851211547851562
9.836	3.0624098777770996	28.290225982666016
9.838	3.236302375793457	26.370607376098633
9.84	3.443382978439331	32.30278778076172
9.842	3.8790042400360107	36.26102828979492
9.844	4.132192134857178	37.67158889770508
9.846	4.164004325866699	40.891815185546875
9.848	4.82234001159668	39.98758316040039
9.85	4.73757266998291	40.72837448120117
9.852	4.099871635437012	33.05105209350586
9.854	3.7121572494506836	24.55215072631836
9.856	2.9293289184570312	25.701108932495117
9.858	2.523392677307129	21.96980857849121
9.86	2.134566068649292	25.19667625427246
9.862	2.4019386768341064	26.326669692993164
9.864	2.5833206176757812	24.8549861907959
9.866	2.7261204719543457	26.46409034729004
9.868	2.4591169357299805	27.58591079711914
9.87	2.540414810180664	26.522985458374023
9.872	2.655874729156494	25.37044906616211
9.874	2.645458698272705	24.855491638183594
9.876	2.664855718612671	23.656803131103516
9.878	2.603456735610962	24.404964447021484
9.88	2.8167319297790527	27.195451736450195
9.882	2.846088409423828	23.86165428161621
9.884	2.6476492881774902	26.91545295715332
9.886	2.8457322120666504	25.061870574951172
9.888	2.837057113647461	27.14763641357422
9.89	2.840322971343994	27.472978591918945
9.892	2.799501895904541	28.920339584350586
9.894	2.75325345993042	28.77176284790039
9.896	2.7961113452911377	25.889175415039062
9.898	2.791215419769287	26.867319107055664
9.9	2.9368419647216797	26.024642944335938
9.902	2.925361156463623	25.06638526916504
9.904	3.1621623039245605	25.328289031982422
9.906	3.226332426071167	25.558786392211914
9.908	3.1317830085754395	25.853553771972656
9.91	3.0515923500061035	25.046579360961914
9.912	2.890742778778076	24.423978805541992
9.914	2.710474967956543	27.465234756469727
9.916	2.8463101387023926	27.169925689697266
9.918	2.8973171710968018	28.885822296142578
9.92	2.808272123336792	29.56089210510254
9.922	2.9319539070129395	27.993915557861328
9.924	2.917557716369629	27.59038543701172
9.926	2.8890490531921387	29.389501571655273
9.928	2.92240571975708	25.247072219848633
9.93	2.9962847232818604	26.84075164794922
9.932	3.139721393585205	30.471086502075195
9.934	3.4303905963897705	31.278345108032227
9.936	3.4216668605804443	32.3726692199707
9.938	3.056337594985962	32.959388732910156
9.94	2.87164306640625	31.423355102539062
9.942	2.794278144836426	29.595834732055664
9.944	2.7631278038024902	24.456052780151367
9.946	2.779386281967163	27.422502517700195
9.948	2.8652453422546387	25.029006958007812
9.95	2.839893102645874	26.296955108642578
9.952	2.7779998779296875	28.2568302154541
9.954	2.7919297218322754	27.155366897583008
9.956	2.846555471420288	26.27463722229004
9.958	2.8517985343933105	26.162607192993164
9.96	2.7052154541015625	25.063175201416016
9.962	2.8430347442626953	26.770919799804688
9.964	2.6684014797210693	26.1115665435791
9.966	2.6894922256469727	26.129680633544922
9.968	2.7720088958740234	25.687705993652344
9.97	2.6272590160369873	25.172834396362305
9.972	2.5195038318634033	27.391475677490234
9.974	2.5264692306518555	28.09974479675293
9.976	2.7304458618164062	27.397979736328125
9.978	2.7553458213806152	27.123624801635742
9.98	2.625622034072876	24.941686630249023
9.982	2.798150062561035	23.348777770996094
9.984	2.8873562812805176	23.50360870361328
9.986	4.7049174308776855	40.01826095581055
9.988	6.265730381011963	52.31024169921875
9.99	4.2546515464782715	65.22666931152344
9.992	2.9452133178710938	60.75020980834961
9.994	2.0350844860076904	50.53838348388672
9.996	2.147369146347046	39.06714630126953
9.998	2.630693197250366	34.090087890625
10.0	2.7806801795959473	34.329959869384766
10.002	3.0046536922454834	29.59309196472168
10.004	2.966089963912964	29.601835250854492
10.006	2.9429476261138916	28.1060791015625
10.008	2.942650556564331	28.538022994995117
10.01	2.8855092525482178	29.37279510498047
10.012	3.017808198928833	28.87407875061035
10.014	2.684077501296997	25.655345916748047
10.016	2.4519553184509277	21.883224487304688
10.018	2.095503807067871	22.638280868530273
10.02	2.1124653816223145	22.852676391601562
10.022	2.6720547676086426	25.4730281829834
10.024	2.1893105506896973	24.093046188354492
10.026	2.098817825317383	25.174001693725586
10.028	2.4364418983459473	24.63519859313965
10.03	2.587207794189453	22.791067123413086
10.032	2.617507219314575	21.94931983947754
10.034	2.779172658920288	22.038970947265625
10.036	2.9927029609680176	20.553775787353516
10.038	4.534625053405762	31.443500518798828
10.04	5.341707229614258	32.311405181884766
10.042	4.239348888397217	33.07373809814453
10.044	3.3682072162628174	33.07969665527344
10.046	3.097506284713745	31.77082633972168
10.048	3.1862471103668213	31.15215492248535
10.05	3.2699625492095947	30.54597282409668
10.052	3.3179216384887695	27.302762985229492
10.054	3.0790576934814453	26.752099990844727
10.056	3.1479694843292236	25.969425201416016
10.058	3.0072262287139893	25.099536895751953
10.06	2.737178087234497	25.139427185058594
10.062	2.8046205043792725	24.075942993164062
10.064	2.5908515453338623	25.983896255493164
10.066	2.4148435592651367	26.53419303894043
10.068	2.610684633255005	25.826688766479492
10.07	2.59515380859375	25.362756729125977
10.072	2.631598711013794	25.123075485229492
10.074	2.7055163383483887	25.28443145751953
10.076	2.7366139888763428	27.800308227539062
10.078	2.8350656032562256	26.488862991333008
10.08	2.6798460483551025	25.61621856689453
10.082	2.7384755611419678	27.601280212402344
10.084	2.718043565750122	27.70534324645996
10.086	2.5060737133026123	44.2969970703125
10.088	2.215778350830078	48.118892669677734
10.09	1.3766237497329712	51.007755279541016
10.092	1.5759791135787964	53.048282623291016
10.094	1.7474722862243652	51.218875885009766
10.096	2.1904056072235107	47.400909423828125
10.098	3.04278564453125	40.34316635131836
10.1	3.382053852081299	33.8604850769043
10.102	3.5475080013275146	26.675539016723633
10.104	3.3333725929260254	27.56600570678711
10.106	3.0449435710906982	29.886981964111328
10.108	3.092033863067627	30.04256248474121
10.11	2.870298147201538	29.662517547607422
10.112	2.9314534664154053	28.462778091430664
10.114	2.6039843559265137	25.833818435668945
10.116	2.214029550552368	23.38197135925293
10.118	1.7544978857040405	25.267215728759766
10.12	2.1077980995178223	23.38704490661621
10.122	2.1556246280670166	24.47077751159668
10.124	2.6013267040252686	25.70766830444336
10.126	2.5547423362731934	26.490840911865234
10.128	2.7032470703125	26.732162475585938
10.13	2.7680087089538574	28.55621910095215
10.132	3.334534168243408	32.522735595703125
10.134	3.5453174114227295	37.264347076416016
10.136	2.967893123626709	43.42882537841797
10.138	2.2061607837677	46.121337890625
10.14	1.8000544309616089	51.81491470336914
10.142	1.067629098892212	51.47633361816406
10.144	1.8403675556182861	52.95466995239258
10.146	2.171354293823242	49.996795654296875
10.148	3.327949285507202	36.71611785888672
10.15	3.9865942001342773	33.092281341552734
10.152	3.279852867126465	27.731674194335938
10.154	2.898819923400879	29.192607879638672
10.156	3.0140888690948486	29.02967071533203
10.158	2.9814188480377197	25.765188217163086
10.16	2.8219830989837646	30.54180145263672
10.162	2.8115720748901367	35.50700759887695
10.164	3.3460073471069336	41.335445404052734
10.166	3.6833207607269287	42.00002670288086
10.168	4.217949390411377	42.284549713134766
10.17	4.060072898864746	40.66340255737305
10.172	3.7244744300842285	43.617801666259766
10.174	4.094818592071533	45.62877655029297
10.176	4.376876354217529	47.72334289550781
10.178	4.841026782989502	45.208526611328125
10.18	4.766470909118652	46.768516540527344
10.182	4.549764156341553	45.593780517578125
10.184	4.428072929382324	41.578067779541016
10.186	4.407096862792969	48.99455261230469
10.188	4.640892505645752	49.08858108520508
10.19	5.4183735847473145	53.60874938964844
10.192	5.559894561767578	51.2177619934082
10.194	5.475707530975342	47.5660400390625
10.196	5.229159832000732	44.383731842041016
10.198	5.776841163635254	40.65647506713867
10.2	5.036714553833008	41.25554656982422
10.202	4.464676380157471	43.02735900878906
10.204	4.2768425941467285	45.183223724365234
10.206	4.3138957023620605	46.57831954956055
10.208	3.8918237686157227	37.54541778564453
10.21	3.330594778060913	31.691726684570312
10.212	2.878133773803711	29.152318954467773
10.214	2.7710554599761963	34.52064514160156
10.216	3.348376750946045	40.22404479980469
10.218	3.2658205032348633	37.65450668334961
10.22	3.2481746673583984	35.3599967956543
10.222	3.0648181438446045	35.25468444824219
10.224	3.0176632404327393	32.16643142700195
10.226	3.081862688064575	31.613359451293945
10.228	2.9483988285064697	29.686542510986328
10.23	2.8522071838378906	33.31810760498047
10.232	2.9106101989746094	37.03166198730469
10.234	3.1723899841308594	41.35955810546875
10.236	3.7383615970611572	43.424530029296875
10.238	3.3890397548675537	38.187225341796875
10.24	3.5869991779327393	36.66989517211914
10.242	4.389261245727539	39.047061920166016
10.244	6.117537498474121	28.226133346557617
10.246	6.999422550201416	3.6814656257629395
10.248	5.566189765930176	8.13940143585205
10.25	2.831127405166626	21.206289291381836
10.252	2.3794426918029785	24.783103942871094
10.254	2.6444084644317627	27.293582916259766
10.256	2.756988286972046	27.253862380981445
10.258	2.739152669906616	26.068586349487305
10.26	2.7574715614318848	27.316320419311523
10.262	2.5764455795288086	27.215105056762695
10.264	2.7661852836608887	28.24111557006836
10.266	2.7608776092529297	28.074649810791016
10.268	2.690345525741577	29.549495697021484
10.27	2.7897439002990723	31.732847213745117
10.272	2.7460381984710693	34.86716842651367
10.274	2.470461130142212	37.969512939453125
10.276	1.9525368213653564	41.985511779785156
10.278	1.7897424697875977	41.8826904296875
10.28	1.6777535676956177	44.510101318359375
10.282	1.916662573814392	44.73018264770508
10.284	1.5976561307907104	49.174556732177734
10.286	1.2286885976791382	49.775386810302734
10.288	1.3015578985214233	46.168251037597656
10.29	1.9987331628799438	40.166011810302734
10.292	3.0446267127990723	44.110469818115234
10.294	3.4612667560577393	48.500946044921875
10.296	5.107829570770264	40.64344024658203
10.298	6.523381233215332	24.23451042175293
10.3	5.788631916046143	1.8109285831451416
