children: []
meta:
  creationTime: 1715711376.6392176
  dataType: !!python/name:numpy.float64 ''
  defaults: {}
  description: ''
  fieldMap: {freq: 0, mag: 1, phase: 2}
  fieldNames: [freq, mag, phase]
  filename: \\132.166.23.175\room8a-data\FERBO\FB_W10_S4\run2\FBW10S4_204062-children\FBW10S4_204173.txt
  index: 251
  length: 251
  modificationTime: 1715711431.3086112
  name: FBW10S4_204173
  tags: ''
parameters: {}
tablefilename: FBW10S4_204173.txt
version: '1.0'
#end of header
freq	mag	phase
9.8	3.9657599925994873	19.074739456176758
9.802	3.072162389755249	30.098905563354492
9.804	2.9831793308258057	30.6107120513916
9.806	3.002368927001953	30.177978515625
9.808	2.9412882328033447	26.528539657592773
9.81	2.9289636611938477	29.695354461669922
9.812	2.7666211128234863	32.018287658691406
9.814	2.700265407562256	34.32820510864258
9.816	2.9544975757598877	32.592262268066406
9.818	2.9296939373016357	29.28618049621582
9.82	2.7285478115081787	31.547048568725586
9.822	2.9756336212158203	28.998687744140625
9.824	2.8176329135894775	27.710676193237305
9.826	2.977022171020508	32.16221237182617
9.828	2.9877915382385254	28.428279876708984
9.83	2.717576265335083	31.515588760375977
9.832	2.9674503803253174	28.166759490966797
9.834	3.064786195755005	32.35983657836914
9.836	3.198713779449463	31.640356063842773
9.838	3.296720504760742	33.224063873291016
9.84	3.700317144393921	38.47357940673828
9.842	4.375688076019287	43.26044464111328
9.844	4.554686546325684	39.56013107299805
9.846	4.73248815536499	44.30370330810547
9.848	5.113709449768066	44.39424133300781
9.85	5.359017372131348	33.07313537597656
9.852	6.1645965576171875	33.69470977783203
9.854	3.8928475379943848	29.9891300201416
9.856	3.4596712589263916	27.407976150512695
9.858	2.775603771209717	27.847240447998047
9.86	2.506978750228882	29.67811393737793
9.862	2.6750941276550293	30.229660034179688
9.864	2.8592565059661865	30.92145538330078
9.866	2.7201828956604004	30.147016525268555
9.868	2.766345739364624	33.12339401245117
9.87	2.8707218170166016	31.79440689086914
9.872	3.0110254287719727	31.227754592895508
9.874	2.9930267333984375	34.46810531616211
9.876	3.0555222034454346	32.04082489013672
9.878	3.0593273639678955	31.531749725341797
9.88	2.9613351821899414	28.274438858032227
9.882	2.927372455596924	30.8492488861084
9.884	2.8556387424468994	28.158599853515625
9.886	2.856224536895752	30.496326446533203
9.888	3.119062662124634	31.243427276611328
9.89	2.991974115371704	31.9582462310791
9.892	3.0212411880493164	34.3768310546875
9.894	3.0364980697631836	34.28122329711914
9.896	2.9221999645233154	32.127403259277344
9.898	3.006953001022339	31.176576614379883
9.9	2.97933030128479	31.123714447021484
9.902	3.3004143238067627	34.04105758666992
9.904	3.4099981784820557	30.15938949584961
9.906	3.236773729324341	28.448810577392578
9.908	3.092642068862915	30.15294647216797
9.91	3.2000343799591064	26.73130226135254
9.912	2.9952051639556885	29.043169021606445
9.914	3.0340187549591064	30.351133346557617
9.916	2.8820245265960693	32.434471130371094
9.918	2.825996160507202	30.22612762451172
9.92	2.8820979595184326	28.97442054748535
9.922	2.975900173187256	29.363088607788086
9.924	2.9437220096588135	29.577991485595703
9.926	2.8427252769470215	27.455963134765625
9.928	2.7901265621185303	28.598752975463867
9.93	3.021158218383789	28.083457946777344
9.932	3.2395849227905273	29.564760208129883
9.934	3.6083784103393555	37.385799407958984
9.936	3.7488062381744385	38.89512252807617
9.938	3.304013729095459	37.4810791015625
9.94	3.1174588203430176	35.77216339111328
9.942	3.0504136085510254	31.961275100708008
9.944	2.905233144760132	30.666839599609375
9.946	3.0203311443328857	31.479087829589844
9.948	2.9123730659484863	29.9742374420166
9.95	3.0356714725494385	27.614349365234375
9.952	3.031770944595337	31.89194679260254
9.954	2.9261837005615234	31.61460304260254
9.956	2.9166507720947266	31.392513275146484
9.958	2.973618984222412	29.695337295532227
9.96	2.9165868759155273	29.699216842651367
9.962	2.890493154525757	30.7617244720459
9.964	2.784473419189453	30.251802444458008
9.966	2.7926011085510254	31.81781768798828
9.968	3.0294129848480225	29.18782615661621
9.97	2.8194282054901123	31.91935157775879
9.972	2.645064353942871	29.602737426757812
9.974	2.608086585998535	28.88875961303711
9.976	2.874587297439575	29.897619247436523
9.978	2.718961715698242	30.087522506713867
9.98	2.8467864990234375	25.831872940063477
9.982	2.755872964859009	25.416444778442383
9.984	3.4346516132354736	29.446468353271484
9.986	4.327877044677734	41.30300521850586
9.988	5.703322410583496	61.28152847290039
9.99	4.878478527069092	66.35028839111328
9.992	2.9782559871673584	61.788246154785156
9.994	2.374495506286621	49.459259033203125
9.996	2.5539021492004395	36.472877502441406
9.998	2.6538946628570557	37.58668899536133
10.0	2.8774704933166504	34.03807067871094
10.002	3.030306100845337	31.99148941040039
10.004	3.047900676727295	31.126251220703125
10.006	3.0783376693725586	31.724241256713867
10.008	2.9603118896484375	32.29892349243164
10.01	3.034961462020874	30.807872772216797
10.012	2.840632915496826	26.685150146484375
10.014	2.7271482944488525	27.911731719970703
10.016	2.5544214248657227	27.670616149902344
10.018	2.4203922748565674	29.83376693725586
10.02	2.4112980365753174	28.80247688293457
10.022	2.6311419010162354	25.655517578125
10.024	2.216952085494995	25.03372573852539
10.026	2.2026844024658203	27.092060089111328
10.028	2.442413091659546	29.205150604248047
10.03	2.7530901432037354	33.317108154296875
10.032	2.9771316051483154	30.785831451416016
10.034	3.0411088466644287	27.713294982910156
10.036	3.0764827728271484	28.923795700073242
10.038	4.78691291809082	39.9328498840332
10.04	5.2989606857299805	46.14009475708008
10.042	4.871694087982178	39.61713409423828
10.044	3.712181806564331	32.66856002807617
10.046	3.2704756259918213	34.136566162109375
10.048	3.2572243213653564	33.56754684448242
10.05	3.4604082107543945	34.681175231933594
10.052	3.3442108631134033	37.4923095703125
10.054	3.297159433364868	34.546939849853516
10.056	3.4125185012817383	36.245460510253906
10.058	3.0173282623291016	29.200340270996094
10.06	2.9566452503204346	26.595497131347656
10.062	2.839653253555298	28.12339973449707
10.064	2.7641282081604004	32.326515197753906
10.066	2.80155348777771	28.81427001953125
10.068	2.7580807209014893	28.15703010559082
10.07	2.7468044757843018	24.36549186706543
10.072	2.5462591648101807	26.04412841796875
10.074	2.6198501586914062	28.96881675720215
10.076	2.6103339195251465	29.997095108032227
10.078	2.7974562644958496	29.969900131225586
10.08	2.790955066680908	31.026369094848633
10.082	2.954836368560791	36.10297393798828
10.084	2.9655768871307373	32.555233001708984
10.086	2.6692068576812744	35.51200485229492
10.088	2.278686285018921	55.50392532348633
10.09	1.6085580587387085	54.52643585205078
10.092	1.852907419204712	57.035945892333984
10.094	1.9000389575958252	55.33207702636719
10.096	2.6449079513549805	49.11712646484375
10.098	3.070146083831787	43.554325103759766
10.1	3.577423334121704	33.27585983276367
10.102	3.7280709743499756	29.816883087158203
10.104	3.1504878997802734	24.83662223815918
10.106	3.0073533058166504	29.69673728942871
10.108	2.8333122730255127	27.821794509887695
10.11	2.768050193786621	26.774765014648438
10.112	2.551116943359375	28.041858673095703
10.114	2.5833323001861572	24.128055572509766
10.116	2.1678829193115234	24.23749351501465
10.118	1.8689335584640503	25.874958038330078
10.12	2.127220869064331	32.02831268310547
10.122	2.5355570316314697	32.064510345458984
10.124	2.5980114936828613	31.67910385131836
10.126	2.508697509765625	32.41846466064453
10.128	2.62857985496521	31.569469451904297
10.13	2.785154342651367	30.992298126220703
10.132	3.2125778198242188	34.85940933227539
10.134	3.446894884109497	44.76286697387695
10.136	3.418154239654541	48.404457092285156
10.138	2.2757725715637207	50.60951232910156
10.14	1.8787349462509155	53.055755615234375
10.142	1.2753618955612183	54.437679290771484
10.144	1.56192147731781	52.826255798339844
10.146	2.524022340774536	52.81884765625
10.148	3.2801175117492676	42.5635871887207
10.15	3.8760950565338135	32.22066116333008
10.152	3.294801712036133	29.981801986694336
10.154	2.9772884845733643	30.91141128540039
10.156	3.124399423599243	29.793272018432617
10.158	3.1096816062927246	34.143585205078125
10.16	3.1798200607299805	35.35874557495117
10.162	3.3303065299987793	41.28828048706055
10.164	3.756908893585205	44.75004959106445
10.166	4.01324987411499	46.27553939819336
10.168	4.366836071014404	45.43543243408203
10.17	4.179187774658203	43.2492790222168
10.172	4.005605697631836	45.40041732788086
10.174	4.372989654541016	45.68916320800781
10.176	4.498978137969971	45.79412078857422
10.178	4.359090805053711	45.9091796875
10.18	5.233890056610107	48.217708587646484
10.182	4.952917575836182	48.157623291015625
10.184	4.202385425567627	45.3499870300293
10.186	4.260575771331787	47.90402603149414
10.188	4.72796630859375	52.36334228515625
10.19	5.059769153594971	52.934329986572266
10.192	5.545286655426025	51.97511672973633
10.194	5.75361442565918	49.76089096069336
10.196	5.491092205047607	43.02189254760742
10.198	5.827630519866943	41.38601303100586
10.2	4.674386978149414	42.241851806640625
10.202	4.339393138885498	42.66392517089844
10.204	4.075488090515137	45.86046600341797
10.206	4.085205078125	44.64073944091797
10.208	3.6403298377990723	44.18658447265625
10.21	3.852891445159912	37.0224494934082
10.212	3.25213360786438	33.508392333984375
10.214	2.8718905448913574	39.53644561767578
10.216	3.4557249546051025	42.18543243408203
10.218	3.4642627239227295	44.35292434692383
10.22	3.528444766998291	41.959781646728516
10.222	3.475153923034668	42.07636642456055
10.224	3.582531690597534	39.23234558105469
10.226	3.302616834640503	40.38884353637695
10.228	3.252535820007324	35.43494415283203
10.23	3.1049726009368896	44.43396759033203
10.232	3.3678159713745117	51.157203674316406
10.234	3.870100259780884	52.64664077758789
10.236	4.433259010314941	55.6534309387207
10.238	4.456911087036133	55.53125762939453
10.24	5.190068244934082	49.16117477416992
10.242	5.02471923828125	46.47643280029297
10.244	7.025415420532227	32.82862091064453
10.246	8.725833892822266	22.773853302001953
10.248	5.4486212730407715	23.206886291503906
10.25	3.71690034866333	27.341827392578125
10.252	3.0197572708129883	37.69719696044922
10.254	3.3863258361816406	37.607112884521484
10.256	3.5134024620056152	34.280372619628906
10.258	3.0899083614349365	34.574371337890625
10.26	3.117037296295166	36.62628936767578
10.262	3.1486923694610596	34.40507507324219
10.264	2.8818459510803223	39.1052131652832
10.266	3.729522705078125	44.828800201416016
10.268	3.7489306926727295	43.38836669921875
10.27	3.7533137798309326	43.46306610107422
10.272	3.2872977256774902	43.467918395996094
10.274	2.854365587234497	48.51122283935547
10.276	2.4618020057678223	52.88059997558594
10.278	2.5694448947906494	54.03671646118164
10.28	2.4600906372070312	53.71421432495117
10.282	2.1383676528930664	53.950592041015625
10.284	1.874106526374817	58.22309494018555
10.286	1.6588587760925293	60.64961242675781
10.288	1.8488504886627197	59.069114685058594
10.29	2.5755045413970947	52.083946228027344
10.292	3.9869544506073	55.21180725097656
10.294	4.225258827209473	57.15788269042969
10.296	5.870292663574219	50.981658935546875
10.298	7.301135063171387	33.48664855957031
10.3	6.031513690948486	12.399565696716309
