children: []
meta:
  creationTime: 1715710125.1229594
  dataType: !!python/name:numpy.float64 ''
  defaults: {}
  description: ''
  fieldMap: {freq: 0, mag: 1, phase: 2}
  fieldNames: [freq, mag, phase]
  filename: \\132.166.23.175\room8a-data\FERBO\FB_W10_S4\run2\FBW10S4_204062-children\FBW10S4_204150.txt
  index: 251
  length: 251
  modificationTime: 1715710178.9942348
  name: FBW10S4_204150
  tags: ''
parameters: {}
tablefilename: FBW10S4_204150.txt
version: '1.0'
#end of header
freq	mag	phase
9.8	2.785518169403076	23.4644832611084
9.802	2.6430928707122803	23.521331787109375
9.804	2.450554370880127	24.987518310546875
9.806	2.6823391914367676	23.43070411682129
9.808	2.577692747116089	22.81839370727539
9.81	2.5160818099975586	23.057235717773438
9.812	2.490861415863037	25.48359489440918
9.814	2.6047203540802	24.90682601928711
9.816	2.591050148010254	23.996952056884766
9.818	2.55511736869812	22.681804656982422
9.82	2.6162991523742676	27.006038665771484
9.822	2.6347343921661377	24.43865394592285
9.824	2.6940219402313232	24.780776977539062
9.826	2.624260663986206	26.68324851989746
9.828	2.6279983520507812	24.604759216308594
9.83	2.660628080368042	24.88294792175293
9.832	2.6906614303588867	23.747827529907227
9.834	2.64508056640625	25.557222366333008
9.836	2.6850364208221436	23.882911682128906
9.838	2.8081231117248535	26.797285079956055
9.84	3.3338096141815186	27.590059280395508
9.842	3.766720771789551	30.229047775268555
9.844	3.8700127601623535	33.60578155517578
9.846	4.088846683502197	33.69321823120117
9.848	4.615995407104492	37.425838470458984
9.85	4.863178253173828	33.765525817871094
9.852	5.26102352142334	24.89272689819336
9.854	3.7604613304138184	23.673999786376953
9.856	2.9195735454559326	22.331016540527344
9.858	2.5583763122558594	23.66037940979004
9.86	2.1599009037017822	25.84540367126465
9.862	2.471904754638672	24.419662475585938
9.864	2.5943915843963623	26.090560913085938
9.866	2.557300329208374	26.157995223999023
9.868	2.540266752243042	25.256216049194336
9.87	2.557269811630249	25.3350830078125
9.872	2.732326030731201	27.916805267333984
9.874	2.783451557159424	27.06630516052246
9.876	2.7186343669891357	25.286237716674805
9.878	2.740370035171509	25.76763916015625
9.88	2.7883052825927734	26.753076553344727
9.882	2.9016635417938232	28.075456619262695
9.884	2.8761026859283447	26.401004791259766
9.886	2.7167160511016846	28.629377365112305
9.888	2.772535800933838	27.83797836303711
9.89	2.8353822231292725	29.886537551879883
9.892	2.909054756164551	26.284841537475586
9.894	2.6756954193115234	25.355539321899414
9.896	2.669748306274414	25.545198440551758
9.898	2.689995765686035	24.208154678344727
9.9	2.604349136352539	25.990718841552734
9.902	2.8821911811828613	24.23008155822754
9.904	3.039152145385742	24.280759811401367
9.906	2.874579668045044	23.021732330322266
9.908	2.9100308418273926	23.656543731689453
9.91	2.7727441787719727	23.506799697875977
9.912	2.628631353378296	24.413488388061523
9.914	2.5874335765838623	21.782215118408203
9.916	2.550441265106201	23.803770065307617
9.918	2.667083978652954	24.907419204711914
9.92	2.522150993347168	24.947763442993164
9.922	2.6226916313171387	20.16644859313965
9.924	2.6505725383758545	24.669628143310547
9.926	2.679567575454712	22.558927536010742
9.928	2.6201984882354736	19.807231903076172
9.93	2.6552038192749023	21.661081314086914
9.932	3.004199266433716	24.587575912475586
9.934	3.2663521766662598	27.55640411376953
9.936	3.0713348388671875	29.23041343688965
9.938	2.8555755615234375	28.297489166259766
9.94	2.5921759605407715	26.767240524291992
9.942	2.5949532985687256	26.81382179260254
9.944	2.52079176902771	21.00826644897461
9.946	2.551683187484741	21.679962158203125
9.948	2.7165513038635254	22.0715274810791
9.95	2.6376540660858154	24.051116943359375
9.952	2.5478110313415527	22.955394744873047
9.954	2.6454086303710938	21.963687896728516
9.956	2.652883529663086	21.017057418823242
9.958	2.480059862136841	23.422494888305664
9.96	2.5131571292877197	23.156652450561523
9.962	2.577005386352539	24.114789962768555
9.964	2.476515054702759	22.526342391967773
9.966	2.500962495803833	22.729843139648438
9.968	2.605280876159668	25.67797088623047
9.97	2.637799024581909	22.981325149536133
9.972	2.303443670272827	23.581783294677734
9.974	2.3201818466186523	25.310667037963867
9.976	2.471702814102173	22.597328186035156
9.978	2.58184814453125	23.14851188659668
9.98	2.5726919174194336	21.863218307495117
9.982	2.5230610370635986	18.591611862182617
9.984	2.6916871070861816	17.959373474121094
9.986	4.4271697998046875	34.04151153564453
9.988	5.7703328132629395	51.33063888549805
9.99	4.230188369750977	63.83502960205078
9.992	2.9432737827301025	55.99705505371094
9.994	1.8657339811325073	46.7815055847168
9.996	1.976132869720459	39.151206970214844
9.998	2.5845909118652344	32.122406005859375
10.0	2.7741029262542725	32.546348571777344
10.002	2.6736793518066406	25.6783504486084
10.004	2.875288248062134	25.906147003173828
10.006	2.757465362548828	22.1400089263916
10.008	2.7623937129974365	21.969757080078125
10.01	2.6731395721435547	22.37100601196289
10.012	2.58604097366333	22.242414474487305
10.014	2.4063525199890137	21.81467056274414
10.016	2.2347640991210938	19.85053825378418
10.018	1.9986447095870972	21.146671295166016
10.02	2.008802890777588	23.557659149169922
10.022	1.5683993101119995	20.406784057617188
10.024	1.9874024391174316	22.86351776123047
10.026	2.08565092086792	22.143892288208008
10.028	2.3358795642852783	21.07745361328125
10.03	2.5517754554748535	22.007753372192383
10.032	2.5816636085510254	22.670345306396484
10.034	2.7033700942993164	20.35774040222168
10.036	2.8454978466033936	17.476837158203125
10.038	4.279122829437256	27.72536849975586
10.04	5.21110725402832	32.75619888305664
10.042	4.121002197265625	32.02644729614258
10.044	3.4936716556549072	26.23377799987793
10.046	3.061629056930542	25.645204544067383
10.048	3.0192177295684814	29.45265007019043
10.05	3.1084632873535156	24.355255126953125
10.052	2.9565484523773193	20.99520492553711
10.054	2.9743735790252686	20.60887908935547
10.056	2.900635242462158	19.979692459106445
10.058	2.724276542663574	21.317779541015625
10.06	2.5908010005950928	23.695852279663086
10.062	2.5555224418640137	18.965303421020508
10.064	2.501417636871338	24.257080078125
10.066	2.508840322494507	20.484962463378906
10.068	2.4925410747528076	21.682191848754883
10.07	2.5087130069732666	22.36188507080078
10.072	2.5111851692199707	24.354158401489258
10.074	2.6123571395874023	22.357898712158203
10.076	2.507373094558716	24.44929313659668
10.078	2.552297353744507	22.725683212280273
10.08	2.643852472305298	26.355331420898438
10.082	2.7182276248931885	26.79448699951172
10.084	2.6001663208007812	26.42532730102539
10.086	2.455739974975586	41.97836685180664
10.088	2.0859930515289307	46.379234313964844
10.09	1.5280588865280151	48.25004577636719
10.092	1.4570692777633667	50.33362579345703
10.094	1.6487150192260742	49.18924331665039
10.096	1.8977926969528198	41.36864471435547
10.098	2.8802738189697266	34.79597091674805
10.1	3.165727138519287	29.35666847229004
10.102	3.4280786514282227	22.807640075683594
10.104	3.2288901805877686	23.30463981628418
10.106	2.9457685947418213	24.106325149536133
10.108	2.884734869003296	22.27955436706543
10.11	2.5267493724823	21.988483428955078
10.112	2.606442928314209	23.346637725830078
10.114	2.4109396934509277	22.89713478088379
10.116	2.1174514293670654	19.822053909301758
10.118	1.5737286806106567	20.715003967285156
10.12	1.7852863073349	19.607736587524414
10.122	2.1430084705352783	22.64889144897461
10.124	2.333401679992676	20.967567443847656
10.126	2.538694381713867	21.625219345092773
10.128	2.4253859519958496	22.192533493041992
10.13	2.666822671890259	23.086820602416992
10.132	2.9027740955352783	27.675405502319336
10.134	3.1838414669036865	37.71635818481445
10.136	3.009049415588379	40.29542922973633
10.138	2.153097152709961	45.99861526489258
10.14	1.789099931716919	46.58539581298828
10.142	1.1468899250030518	51.680606842041016
10.144	1.4442322254180908	51.204345703125
10.146	2.3976144790649414	48.5821533203125
10.148	2.981597661972046	38.86606979370117
10.15	3.6244986057281494	26.442262649536133
10.152	3.1147749423980713	26.929489135742188
10.154	2.8266971111297607	26.338470458984375
10.156	2.9962525367736816	25.45261573791504
10.158	2.6612496376037598	23.398897171020508
10.16	2.6467530727386475	25.13292121887207
10.162	2.7634620666503906	35.66852951049805
10.164	3.262380599975586	42.37807083129883
10.166	3.911900758743286	45.45677947998047
10.168	4.248660087585449	42.117576599121094
10.17	3.5477869510650635	40.579830169677734
10.172	3.8115234375	40.05065155029297
10.174	3.9578888416290283	46.041568756103516
10.176	4.49929141998291	46.55830383300781
10.178	4.445745944976807	48.187644958496094
10.18	4.767531871795654	48.02476501464844
10.182	4.290706634521484	43.827754974365234
10.184	4.136076927185059	43.56309127807617
10.186	4.3606109619140625	49.11634826660156
10.188	4.638103485107422	48.8378791809082
10.19	4.818150520324707	51.01676559448242
10.192	5.085756301879883	49.46650314331055
10.194	5.197854995727539	45.936519622802734
10.196	5.201356887817383	41.94809341430664
10.198	5.481873512268066	39.673892974853516
10.2	4.9305806159973145	39.742801666259766
10.202	4.04277229309082	42.68763732910156
10.204	4.086228847503662	42.15103530883789
10.206	3.7436256408691406	43.74619674682617
10.208	3.756736993789673	41.6115837097168
10.21	3.2947306632995605	29.09722328186035
10.212	2.852278709411621	30.835453033447266
10.214	2.7385222911834717	40.150062561035156
10.216	3.245896577835083	36.5207633972168
10.218	3.0964484214782715	37.889888763427734
10.22	3.094707727432251	32.382572174072266
10.222	2.66328763961792	32.55974578857422
10.224	2.8125083446502686	31.310277938842773
10.226	2.952256202697754	30.73891830444336
10.228	2.8738749027252197	28.25674057006836
10.23	2.8097383975982666	33.50503158569336
10.232	2.848888635635376	38.09150695800781
10.234	3.1305644512176514	47.407222747802734
10.236	3.5376088619232178	47.39885711669922
10.238	3.539437770843506	43.24021911621094
10.24	3.8238401412963867	39.53010177612305
10.242	4.174955368041992	40.053985595703125
10.244	6.827329635620117	26.258153915405273
10.246	8.117185592651367	12.413823127746582
10.248	5.316722869873047	11.83486557006836
10.25	2.997323513031006	17.216312408447266
10.252	2.342195510864258	24.411710739135742
10.254	2.4425878524780273	25.274864196777344
10.256	2.654510974884033	24.167869567871094
10.258	2.680121421813965	24.413188934326172
10.26	2.6839005947113037	26.453990936279297
10.262	2.741103410720825	24.939109802246094
10.264	2.582526445388794	27.81370735168457
10.266	2.739234209060669	28.57969856262207
10.268	2.7820329666137695	30.41402244567871
10.27	2.9759883880615234	31.83709716796875
10.272	2.738405704498291	37.73039627075195
10.274	2.536102771759033	39.53247833251953
10.276	2.1255722045898438	45.17348861694336
10.278	1.9874992370605469	43.87385940551758
10.28	1.8347378969192505	42.90886688232422
10.282	1.623707890510559	43.52361297607422
10.284	1.4106965065002441	50.59772872924805
10.286	1.284803867340088	51.1710319519043
10.288	1.5430775880813599	53.63797378540039
10.29	2.327221393585205	40.99336624145508
10.292	3.1089577674865723	43.26307678222656
10.294	3.771526575088501	50.421260833740234
10.296	5.284398555755615	41.322872161865234
10.298	6.201624393463135	13.172802925109863
10.3	5.796071529388428	1.8991676568984985
