children: []
meta:
  creationTime: 1715711158.8723123
  dataType: !!python/name:numpy.float64 ''
  defaults: {}
  description: ''
  fieldMap: {freq: 0, mag: 1, phase: 2}
  fieldNames: [freq, mag, phase]
  filename: \\132.166.23.175\room8a-data\FERBO\FB_W10_S4\run2\FBW10S4_204062-children\FBW10S4_204169.txt
  index: 251
  length: 251
  modificationTime: 1715711213.3883972
  name: FBW10S4_204169
  tags: ''
parameters: {}
tablefilename: FBW10S4_204169.txt
version: '1.0'
#end of header
freq	mag	phase
9.8	3.7618112564086914	27.855716705322266
9.802	2.8639135360717773	27.805490493774414
9.804	2.912365436553955	27.062501907348633
9.806	2.9154703617095947	27.801904678344727
9.808	2.8792786598205566	28.701589584350586
9.81	2.870302200317383	26.63115119934082
9.812	2.676933526992798	28.494054794311523
9.814	2.707062244415283	29.575897216796875
9.816	2.762387752532959	28.05280303955078
9.818	2.6847174167633057	30.850496292114258
9.82	2.7897465229034424	27.549503326416016
9.822	2.7380380630493164	29.209949493408203
9.824	2.8733513355255127	27.63723373413086
9.826	2.8946115970611572	29.146352767944336
9.828	2.878545045852661	30.062530517578125
9.83	2.995368003845215	29.35022735595703
9.832	3.0231869220733643	27.548477172851562
9.834	2.972893238067627	28.109283447265625
9.836	2.9859817028045654	30.205665588378906
9.838	3.356424331665039	30.74563980102539
9.84	3.6122207641601562	34.75404357910156
9.842	3.910459041595459	37.18472671508789
9.844	4.158329486846924	39.1644172668457
9.846	4.3302483558654785	41.789329528808594
9.848	4.832137107849121	40.51061248779297
9.85	5.1999125480651855	33.272212982177734
9.852	6.090763092041016	32.70063018798828
9.854	3.539030075073242	26.53365135192871
9.856	3.290709972381592	25.583982467651367
9.858	2.578655242919922	26.09078598022461
9.86	2.375082492828369	26.921228408813477
9.862	2.668980598449707	29.770633697509766
9.864	2.872488021850586	29.330078125
9.866	2.778015613555908	27.79276466369629
9.868	2.5949363708496094	28.67008399963379
9.87	2.6355555057525635	26.064496994018555
9.872	2.6739981174468994	25.762277603149414
9.874	2.9355502128601074	29.654451370239258
9.876	2.921041250228882	28.35922622680664
9.878	2.8947808742523193	29.44418716430664
9.88	2.957611560821533	27.15667724609375
9.882	2.9110512733459473	27.891643524169922
9.884	2.8432042598724365	30.16603660583496
9.886	2.7421584129333496	27.961091995239258
9.888	2.8689334392547607	29.317541122436523
9.89	2.904798746109009	30.08839988708496
9.892	2.853563070297241	31.690574645996094
9.894	2.857926607131958	30.9945068359375
9.896	2.8442959785461426	27.662254333496094
9.898	2.776963710784912	30.045780181884766
9.9	2.979548215866089	29.05226707458496
9.902	3.0225863456726074	30.061906814575195
9.904	3.301705837249756	26.494483947753906
9.906	3.259537696838379	26.073490142822266
9.908	3.0177195072174072	26.780202865600586
9.91	2.9816715717315674	26.440528869628906
9.912	2.787273645401001	28.33531951904297
9.914	2.8700029850006104	27.481111526489258
9.916	2.89639949798584	28.697954177856445
9.918	2.734175682067871	29.369096755981445
9.92	2.725634813308716	27.624053955078125
9.922	2.7932310104370117	26.000049591064453
9.924	2.775303840637207	28.88762855529785
9.926	2.7965593338012695	27.128854751586914
9.928	2.9481310844421387	29.21414566040039
9.93	3.070702314376831	27.198198318481445
9.932	3.282318353652954	30.512117385864258
9.934	3.603285551071167	34.136966705322266
9.936	3.6145966053009033	33.48333740234375
9.938	3.100464105606079	32.615570068359375
9.94	2.9852402210235596	31.792842864990234
9.942	2.9201884269714355	31.202817916870117
9.944	2.935002565383911	30.3640193939209
9.946	2.853816509246826	29.58319854736328
9.948	2.861478090286255	28.7576961517334
9.95	2.9077913761138916	28.19583511352539
9.952	2.8980824947357178	29.639162063598633
9.954	2.939819812774658	26.860437393188477
9.956	2.881178617477417	26.836267471313477
9.958	2.8130722045898438	27.773866653442383
9.96	2.836414337158203	27.107059478759766
9.962	2.80151629447937	28.416460037231445
9.964	2.7518348693847656	27.263347625732422
9.966	2.6461377143859863	26.622379302978516
9.968	2.834973096847534	25.61644744873047
9.97	2.8048970699310303	27.330482482910156
9.972	2.6046783924102783	26.071592330932617
9.974	2.4919192790985107	25.182708740234375
9.976	2.5731136798858643	27.882434844970703
9.978	2.7401556968688965	26.470317840576172
9.98	2.730959415435791	25.886980056762695
9.982	2.7426459789276123	23.39287757873535
9.984	2.911797046661377	24.653066635131836
9.986	4.528928756713867	37.41386413574219
9.988	6.0473551750183105	53.13026809692383
9.99	5.127491474151611	65.05170440673828
9.992	2.9006550312042236	57.35367965698242
9.994	2.1467111110687256	47.30253219604492
9.996	2.1027817726135254	40.28073501586914
9.998	2.7645485401153564	30.73358726501465
10.0	2.7028913497924805	32.090145111083984
10.002	3.0704147815704346	30.05095100402832
10.004	3.0160062313079834	30.937406539916992
10.006	3.109065532684326	29.97683334350586
10.008	3.013458728790283	27.604692459106445
10.01	2.8804612159729004	29.02130699157715
10.012	2.9382565021514893	24.18694496154785
10.014	2.5408453941345215	21.24521827697754
10.016	2.045896530151367	24.248506546020508
10.018	2.2955968379974365	25.14414405822754
10.02	2.211078643798828	22.03661346435547
10.022	2.324805498123169	26.518543243408203
10.024	2.173616647720337	21.943721771240234
10.026	1.9845995903015137	23.56822395324707
10.028	2.4183430671691895	23.430517196655273
10.03	2.478461980819702	24.39103889465332
10.032	2.6441667079925537	23.668203353881836
10.034	2.7151241302490234	23.323745727539062
10.036	3.358078956604004	24.200586318969727
10.038	4.24395751953125	31.101177215576172
10.04	5.264671325683594	42.264312744140625
10.042	4.80776834487915	39.885223388671875
10.044	3.669862985610962	37.653221130371094
10.046	3.5364186763763428	34.945960998535156
10.048	3.581801652908325	38.75851821899414
10.05	3.4687743186950684	33.65316390991211
10.052	3.4060847759246826	31.887407302856445
10.054	3.334179162979126	32.40177917480469
10.056	3.3793375492095947	28.60441017150879
10.058	3.0686187744140625	27.868404388427734
10.06	2.9075686931610107	27.037092208862305
10.062	2.8391387462615967	27.780275344848633
10.064	2.833125591278076	26.938247680664062
10.066	3.006089210510254	28.88605499267578
10.068	2.8203675746917725	28.169591903686523
10.07	2.608048439025879	27.204978942871094
10.072	2.744677782058716	29.519838333129883
10.074	2.884455680847168	28.469955444335938
10.076	2.857522964477539	26.923614501953125
10.078	2.797208547592163	27.740015029907227
10.08	2.785862684249878	27.970539093017578
10.082	2.732313632965088	29.477724075317383
10.084	2.744555950164795	31.03350830078125
10.086	2.607255697250366	45.05990219116211
10.088	2.395541191101074	50.39899826049805
10.09	1.6518040895462036	52.29202651977539
10.092	1.7864974737167358	48.557796478271484
10.094	1.7208737134933472	51.86196517944336
10.096	2.1745786666870117	44.47258377075195
10.098	3.095869541168213	39.871456146240234
10.1	3.4590723514556885	34.53070831298828
10.102	3.5264170169830322	23.416044235229492
10.104	3.228208541870117	22.918792724609375
10.106	3.0242104530334473	24.317846298217773
10.108	2.9462244510650635	22.50965118408203
10.11	2.666943073272705	25.392419815063477
10.112	2.7089462280273438	23.69155502319336
10.114	2.472344160079956	23.327850341796875
10.116	2.154344320297241	22.13758659362793
10.118	1.656826138496399	22.623777389526367
10.12	1.7387275695800781	24.414976119995117
10.122	2.146059989929199	25.233417510986328
10.124	2.415444850921631	26.329376220703125
10.126	2.594109535217285	24.243513107299805
10.128	2.452519655227661	23.667282104492188
10.13	2.654742956161499	23.51618194580078
10.132	2.8642497062683105	27.43983268737793
10.134	3.3826792240142822	38.58756637573242
10.136	2.97761607170105	40.423301696777344
10.138	2.131978750228882	47.75155258178711
10.14	1.8756369352340698	49.14580535888672
10.142	1.2992438077926636	55.04081726074219
10.144	1.517062783241272	53.677188873291016
10.146	2.6139562129974365	50.36078643798828
10.148	3.1214520931243896	40.622589111328125
10.15	3.8720862865448	29.08165168762207
10.152	3.2125349044799805	31.736669540405273
10.154	3.0847442150115967	29.61654281616211
10.156	3.1778934001922607	29.563671112060547
10.158	3.0323431491851807	32.20650863647461
10.16	2.9950175285339355	31.800701141357422
10.162	3.2917635440826416	39.9734001159668
10.164	3.6756482124328613	42.36895751953125
10.166	4.433459281921387	48.11282730102539
10.168	4.814361572265625	45.870216369628906
10.17	4.0730881690979	41.42415237426758
10.172	3.9356155395507812	42.61956024169922
10.174	3.7868664264678955	45.94999694824219
10.176	4.572343826293945	48.6497802734375
10.178	4.926211357116699	48.28059387207031
10.18	4.907408714294434	48.6163330078125
10.182	4.579139232635498	43.52285385131836
10.184	4.025960922241211	44.65287780761719
10.186	4.228053092956543	45.39480209350586
10.188	4.802913188934326	51.61967849731445
10.19	5.013345718383789	52.24080276489258
10.192	5.612850666046143	51.826576232910156
10.194	5.680744171142578	49.816654205322266
10.196	5.552117347717285	43.67287063598633
10.198	6.009001731872559	40.77595520019531
10.2	4.8214898109436035	42.11326599121094
10.202	4.370552062988281	43.8927116394043
10.204	4.246568202972412	44.66975402832031
10.206	3.9160704612731934	44.865203857421875
10.208	3.8496649265289307	43.103939056396484
10.21	3.82674503326416	34.314781188964844
10.212	3.1998531818389893	33.753944396972656
10.214	2.9515936374664307	37.57395553588867
10.216	3.4196324348449707	41.06758499145508
10.218	3.392864465713501	41.119075775146484
10.22	3.4638311862945557	39.79534912109375
10.222	3.3655686378479004	39.351016998291016
10.224	3.5298523902893066	37.131996154785156
10.226	3.4079596996307373	37.40352249145508
10.228	3.1429758071899414	32.082515716552734
10.23	2.986273765563965	38.82468795776367
10.232	3.352024555206299	48.948997497558594
10.234	3.7971792221069336	50.54745864868164
10.236	3.271146059036255	49.978179931640625
10.238	3.935317039489746	48.9718132019043
10.24	4.327086448669434	42.75054168701172
10.242	4.628039836883545	42.82963562011719
10.244	6.791344165802002	28.517942428588867
10.246	8.45222282409668	15.8725004196167
10.248	5.2327189445495605	15.7095308303833
10.25	3.05269193649292	23.638690948486328
10.252	2.621504306793213	29.6030330657959
10.254	2.8867292404174805	30.8458309173584
10.256	3.033536672592163	26.583179473876953
10.258	2.736997604370117	28.09946060180664
10.26	2.777275800704956	27.27522850036621
10.262	2.8001315593719482	24.845151901245117
10.264	2.8494505882263184	30.861492156982422
10.266	2.941967010498047	33.71428680419922
10.268	3.374318838119507	40.50872039794922
10.27	3.402665615081787	41.80005645751953
10.272	3.554874897003174	42.897090911865234
10.274	2.9227747917175293	46.401981353759766
10.276	2.4820761680603027	48.99507522583008
10.278	2.264186382293701	48.01963424682617
10.28	1.9609297513961792	46.45126724243164
10.282	2.066936492919922	47.357051849365234
10.284	1.6269078254699707	51.21064758300781
10.286	1.2478306293487549	55.288604736328125
10.288	1.7626105546951294	58.52839660644531
10.29	3.1257622241973877	49.8940315246582
10.292	4.0201287269592285	58.41154479980469
10.294	4.619849681854248	58.32685089111328
10.296	5.973608016967773	49.40467071533203
10.298	7.113946914672852	30.528783798217773
10.3	6.011707782745361	8.292414665222168
