children: []
meta:
  creationTime: 1715713123.697957
  dataType: !!python/name:numpy.float64 ''
  defaults: {}
  description: ''
  fieldMap: {freq: 0, mag: 1, phase: 2}
  fieldNames: [freq, mag, phase]
  filename: \\132.166.23.175\room8a-data\FERBO\FB_W10_S4\run2\FBW10S4_204062-children\FBW10S4_204205.txt
  index: 251
  length: 251
  modificationTime: 1715713178.5829628
  name: FBW10S4_204205
  tags: ''
parameters: {}
tablefilename: FBW10S4_204205.txt
version: '1.0'
#end of header
freq	mag	phase
9.8	3.291633367538452	30.473520278930664
9.802	2.861586093902588	27.12787437438965
9.804	2.685845375061035	26.87131690979004
9.806	2.744361162185669	26.926437377929688
9.808	2.7636666297912598	27.797807693481445
9.81	2.7115492820739746	28.19803237915039
9.812	2.6334521770477295	28.573253631591797
9.814	2.6224184036254883	26.501304626464844
9.816	2.4567112922668457	27.11650848388672
9.818	2.597529888153076	26.775968551635742
9.82	2.5051374435424805	27.84915542602539
9.822	2.6056036949157715	30.820899963378906
9.824	2.843482494354248	29.164478302001953
9.826	2.7653019428253174	29.552165985107422
9.828	2.8075051307678223	28.224916458129883
9.83	2.799487829208374	31.412710189819336
9.832	2.9344561100006104	27.717294692993164
9.834	2.8776822090148926	27.859392166137695
9.836	2.7916414737701416	27.2529239654541
9.838	3.035945177078247	29.014936447143555
9.84	3.341163158416748	30.866031646728516
9.842	3.822326183319092	35.50885009765625
9.844	4.056809425354004	36.60599899291992
9.846	4.300107479095459	40.53681945800781
9.848	4.810912609100342	41.03249740600586
9.85	4.799248218536377	24.59871482849121
9.852	4.577890872955322	31.307825088500977
9.854	3.6806092262268066	26.484817504882812
9.856	3.180659294128418	24.749164581298828
9.858	2.5399484634399414	25.791526794433594
9.86	2.2920148372650146	27.712499618530273
9.862	2.619846820831299	27.62700653076172
9.864	2.6330673694610596	27.179916381835938
9.866	2.5392537117004395	26.655241012573242
9.868	2.391652822494507	26.29833221435547
9.87	2.424013137817383	28.031476974487305
9.872	2.6455893516540527	29.60835075378418
9.874	2.6879818439483643	27.52625274658203
9.876	2.7733824253082275	26.0125732421875
9.878	2.70351243019104	30.511308670043945
9.88	2.831528425216675	28.104686737060547
9.882	2.8606486320495605	29.24648666381836
9.884	2.852620840072632	28.93855857849121
9.886	2.854109764099121	31.046737670898438
9.888	2.7772421836853027	29.9295711517334
9.89	2.8732244968414307	31.042232513427734
9.892	2.764268159866333	33.89690399169922
9.894	2.8470802307128906	32.90732955932617
9.896	2.739051342010498	28.688453674316406
9.898	2.7850019931793213	29.210294723510742
9.9	2.9374985694885254	30.479400634765625
9.902	3.0378849506378174	29.745866775512695
9.904	3.1871612071990967	26.982013702392578
9.906	3.2209274768829346	28.056734085083008
9.908	3.0635948181152344	26.303434371948242
9.91	2.776402473449707	23.84365463256836
9.912	2.562354326248169	23.882335662841797
9.914	2.5258100032806396	26.509403228759766
9.916	2.4106268882751465	21.455347061157227
9.918	2.4061882495880127	25.66356086730957
9.92	2.4655044078826904	22.752241134643555
9.922	2.3894011974334717	23.393936157226562
9.924	2.533579111099243	25.840023040771484
9.926	2.500133752822876	25.506546020507812
9.928	2.8909127712249756	31.836545944213867
9.93	3.0942962169647217	29.38275718688965
9.932	3.2551028728485107	30.64872932434082
9.934	3.560465097427368	32.255313873291016
9.936	3.3835854530334473	37.6075553894043
9.938	3.229839563369751	33.82465362548828
9.94	2.9769718647003174	36.12883758544922
9.942	2.9732604026794434	33.313777923583984
9.944	2.9142093658447266	29.850248336791992
9.946	2.8824920654296875	31.284175872802734
9.948	2.894458055496216	30.653762817382812
9.95	2.978903293609619	31.691537857055664
9.952	2.9391720294952393	30.753141403198242
9.954	2.900149345397949	31.51470184326172
9.956	3.0592200756073	30.834447860717773
9.958	3.1001391410827637	29.24254608154297
9.96	2.85636043548584	30.485759735107422
9.962	2.9810879230499268	30.095535278320312
9.964	2.7723841667175293	28.62775421142578
9.966	2.799250602722168	30.93853759765625
9.968	2.8829517364501953	31.54766273498535
9.97	2.878392219543457	31.159448623657227
9.972	2.7818961143493652	27.71791648864746
9.974	2.5065410137176514	27.316181182861328
9.976	2.6557846069335938	27.7840518951416
9.978	2.6209890842437744	29.245609283447266
9.98	2.681640386581421	27.915735244750977
9.982	2.7194604873657227	27.60615348815918
9.984	3.119379997253418	26.046512603759766
9.986	4.885603427886963	43.94966506958008
9.988	6.375992298126221	57.255611419677734
9.99	4.36275053024292	68.70420837402344
9.992	3.2248363494873047	63.42035675048828
9.994	2.2767980098724365	51.02311325073242
9.996	2.337538480758667	40.410030364990234
9.998	2.7838072776794434	35.24123764038086
10.0	2.911604642868042	31.668743133544922
10.002	2.982757806777954	28.75697135925293
10.004	2.915235996246338	27.924755096435547
10.006	2.809001922607422	27.387895584106445
10.008	2.982182502746582	26.377737045288086
10.01	2.795685052871704	26.472705841064453
10.012	2.7026751041412354	27.377939224243164
10.014	2.67214035987854	25.5814151763916
10.016	2.353168487548828	24.515365600585938
10.018	2.099289655685425	27.035879135131836
10.02	2.2079639434814453	31.93372917175293
10.022	1.8786364793777466	31.036540985107422
10.024	2.397249698638916	28.736303329467773
10.026	2.4541585445404053	28.286725997924805
10.028	2.630354881286621	30.0146484375
10.03	2.8086934089660645	29.209888458251953
10.032	2.837130546569824	28.08391571044922
10.034	2.904906988143921	28.39103889465332
10.036	3.498723268508911	23.997434616088867
10.038	4.348437786102295	35.09901428222656
10.04	5.5598297119140625	48.36669921875
10.042	5.292296886444092	44.02680206298828
10.044	4.412734031677246	46.68009948730469
10.046	4.183371067047119	47.09806442260742
10.048	3.8798673152923584	41.766212463378906
10.05	3.7347426414489746	39.535133361816406
10.052	3.6314046382904053	35.990970611572266
10.054	3.6336283683776855	31.867456436157227
10.056	3.140744924545288	29.405019760131836
10.058	3.1295711994171143	28.183860778808594
10.06	2.8411810398101807	32.6362419128418
10.062	3.054525375366211	30.293081283569336
10.064	2.9106063842773438	31.879812240600586
10.066	2.8288607597351074	33.02534103393555
10.068	3.1140201091766357	33.3444709777832
10.07	2.980715274810791	35.69026565551758
10.072	3.1866366863250732	36.8802490234375
10.074	3.283141851425171	37.106605529785156
10.076	3.456373453140259	39.973724365234375
10.078	3.492827892303467	33.17814254760742
10.08	2.964280843734741	33.65595626831055
10.082	2.9905219078063965	34.044795989990234
10.084	3.204179525375366	39.5096549987793
10.086	3.3294901847839355	50.49518966674805
10.088	2.8629703521728516	64.96894073486328
10.09	2.337594747543335	62.47541809082031
10.092	2.535940408706665	65.51451110839844
10.094	2.6972696781158447	63.1723518371582
10.096	3.5454349517822266	58.61244201660156
10.098	4.116286277770996	52.4815673828125
10.1	4.506458759307861	44.819732666015625
10.102	4.2902302742004395	34.89683532714844
10.104	3.860724925994873	34.039031982421875
10.106	3.4255282878875732	31.479433059692383
10.108	3.2749416828155518	32.43830108642578
10.11	3.179661512374878	31.094425201416016
10.112	3.0609822273254395	31.070308685302734
10.114	2.8352549076080322	27.962697982788086
10.116	2.2005984783172607	21.397918701171875
10.118	1.8609514236450195	24.553279876708984
10.12	1.9889893531799316	25.360431671142578
10.122	2.2463746070861816	24.678268432617188
10.124	2.5018744468688965	25.075576782226562
10.126	2.467348337173462	22.457088470458984
10.128	2.530015468597412	20.326648712158203
10.13	2.5456924438476562	23.225685119628906
10.132	2.9480679035186768	26.298246383666992
10.134	3.253647804260254	31.42581558227539
10.136	2.816051959991455	40.58296203613281
10.138	1.9991300106048584	46.65082550048828
10.14	1.5616422891616821	48.57640075683594
10.142	0.9766248464584351	49.3212890625
10.144	1.5957585573196411	51.684688568115234
10.146	2.1881864070892334	49.938026428222656
10.148	3.173009157180786	35.948265075683594
10.15	3.8917946815490723	26.555198669433594
10.152	2.930406093597412	26.148557662963867
10.154	2.723651885986328	24.301713943481445
10.156	2.7461037635803223	25.208091735839844
10.158	2.6818621158599854	21.680675506591797
10.16	2.703312635421753	25.962650299072266
10.162	2.5858631134033203	30.062206268310547
10.164	2.960016965866089	39.129478454589844
10.166	3.4408488273620605	40.12599182128906
10.168	3.8512537479400635	38.591922760009766
10.17	3.6331145763397217	37.58464431762695
10.172	3.6571364402770996	42.59115219116211
10.174	4.516702175140381	47.252586364746094
10.176	4.909026622772217	47.697410583496094
10.178	5.3152055740356445	48.94677734375
10.18	5.139442443847656	48.83411407470703
10.182	4.836459636688232	46.0108757019043
10.184	4.524995803833008	46.20691680908203
10.186	4.435449600219727	47.031333923339844
10.188	4.196627616882324	51.64627456665039
10.19	4.920388698577881	52.46541976928711
10.192	5.571527004241943	52.15352249145508
10.194	5.959774494171143	49.34473419189453
10.196	5.680361747741699	42.01274490356445
10.198	5.834395885467529	37.92633819580078
10.2	4.4648756980896	40.757301330566406
10.202	4.203144073486328	41.70170593261719
10.204	3.9889047145843506	44.4728889465332
10.206	4.071063041687012	43.83445739746094
10.208	3.6651408672332764	44.188507080078125
10.21	3.9557857513427734	38.6328125
10.212	3.273892641067505	31.953872680664062
10.214	2.8456923961639404	38.64543914794922
10.216	3.5895955562591553	42.71401596069336
10.218	3.5979604721069336	43.92970275878906
10.22	3.71073842048645	43.674312591552734
10.222	3.8178086280822754	44.8939094543457
10.224	3.896838426589966	42.645545959472656
10.226	3.8223092555999756	40.73046112060547
10.228	3.2775747776031494	32.278350830078125
10.23	2.8978400230407715	35.42945098876953
10.232	2.9974756240844727	42.764583587646484
10.234	3.262880563735962	43.388336181640625
10.236	3.4909441471099854	45.10560989379883
10.238	3.643625020980835	42.48644256591797
10.24	4.044665813446045	38.57632064819336
10.242	4.232721328735352	41.516597747802734
10.244	6.762331962585449	26.929811477661133
10.246	8.327165603637695	15.320038795471191
10.248	5.222952842712402	17.9313907623291
10.25	3.224775791168213	21.43799591064453
10.252	2.5128371715545654	28.190040588378906
10.254	2.6541292667388916	27.126344680786133
10.256	2.8259220123291016	28.294233322143555
10.258	2.802842140197754	28.51889419555664
10.26	2.710693120956421	27.754558563232422
10.262	2.679077386856079	27.039958953857422
10.264	2.7523272037506104	27.761980056762695
10.266	2.633643865585327	29.78020477294922
10.268	2.7608325481414795	30.139671325683594
10.27	2.8684241771698	33.14440155029297
10.272	2.776862621307373	40.150760650634766
10.274	2.6897568702697754	40.895301818847656
10.276	2.2714171409606934	48.55052185058594
10.278	2.2433884143829346	48.698978424072266
10.28	2.2882442474365234	49.00735092163086
10.282	2.1034231185913086	48.53822708129883
10.284	1.5826627016067505	53.90508270263672
10.286	1.5980514287948608	55.572731018066406
10.288	1.8115622997283936	56.84696578979492
10.29	2.5157885551452637	47.519187927246094
10.292	3.4300708770751953	50.39555740356445
10.294	4.081082344055176	54.39155578613281
10.296	5.1631083488464355	43.33329391479492
10.298	6.531887054443359	15.505897521972656
10.3	6.737776279449463	11.459874153137207
