children: []
meta:
  creationTime: 1715711649.0282316
  dataType: !!python/name:numpy.float64 ''
  defaults: {}
  description: ''
  fieldMap: {freq: 0, mag: 1, phase: 2}
  fieldNames: [freq, mag, phase]
  filename: \\132.166.23.175\room8a-data\FERBO\FB_W10_S4\run2\FBW10S4_204062-children\FBW10S4_204178.txt
  index: 251
  length: 251
  modificationTime: 1715711703.350984
  name: FBW10S4_204178
  tags: ''
parameters: {}
tablefilename: FBW10S4_204178.txt
version: '1.0'
#end of header
freq	mag	phase
9.8	3.4962332248687744	22.660541534423828
9.802	3.0854554176330566	30.912090301513672
9.804	3.109144687652588	29.426254272460938
9.806	3.283491373062134	36.467594146728516
9.808	3.2092087268829346	31.090696334838867
9.81	3.0145528316497803	31.628475189208984
9.812	2.751701831817627	31.745025634765625
9.814	2.8013529777526855	33.117862701416016
9.816	2.944305658340454	30.146324157714844
9.818	2.8199715614318848	32.96072769165039
9.82	3.0128893852233887	32.3297119140625
9.822	2.6802468299865723	32.72977828979492
9.824	2.9107906818389893	30.90335464477539
9.826	3.0076534748077393	31.004858016967773
9.828	2.8557376861572266	30.58780288696289
9.83	2.916804075241089	33.26533889770508
9.832	2.9106836318969727	28.72848892211914
9.834	2.881247043609619	28.488357543945312
9.836	2.956597328186035	31.545751571655273
9.838	3.1226625442504883	32.20668029785156
9.84	3.702003240585327	37.35818862915039
9.842	4.02836799621582	43.397979736328125
9.844	4.3636674880981445	42.8819465637207
9.846	4.410837173461914	40.99786376953125
9.848	5.041529655456543	46.13520431518555
9.85	5.451639652252197	42.96562957763672
9.852	5.385765075683594	32.3597526550293
9.854	4.12011194229126	30.063682556152344
9.856	3.1405081748962402	31.624094009399414
9.858	2.9524550437927246	29.191667556762695
9.86	2.649282455444336	30.84898567199707
9.862	2.680558681488037	30.80304718017578
9.864	2.7270820140838623	34.10108947753906
9.866	2.882302761077881	30.447696685791016
9.868	2.683999538421631	30.99338722229004
9.87	2.7380895614624023	30.632728576660156
9.872	2.7490406036376953	33.0835075378418
9.874	2.878056049346924	32.4659538269043
9.876	3.070150375366211	33.102569580078125
9.878	3.045992374420166	32.51943588256836
9.88	2.9965360164642334	31.37029457092285
9.882	3.0426926612854004	32.58517074584961
9.884	3.003570318222046	33.66893768310547
9.886	2.878139019012451	35.693138122558594
9.888	3.046527862548828	33.0272331237793
9.89	2.914490222930908	35.71466064453125
9.892	3.18825101852417	37.6081657409668
9.894	3.1911404132843018	38.09426498413086
9.896	3.083710193634033	32.96956253051758
9.898	2.911627769470215	33.64375686645508
9.9	3.1617519855499268	36.7608757019043
9.902	3.37072491645813	36.290218353271484
9.904	3.504744291305542	32.2001838684082
9.906	3.2405149936676025	33.039405822753906
9.908	3.1991753578186035	32.19225311279297
9.91	3.281493902206421	34.37038803100586
9.912	2.9146738052368164	34.237403869628906
9.914	3.040449619293213	33.22123336791992
9.916	3.1326496601104736	36.52139663696289
9.918	3.139996290206909	35.171875
9.92	3.0382156372070312	31.700319290161133
9.922	3.0172648429870605	32.92593765258789
9.924	3.098867893218994	32.69804000854492
9.926	3.015165090560913	32.03297424316406
9.928	3.0541975498199463	29.90728759765625
9.93	3.1461098194122314	31.113243103027344
9.932	3.45082950592041	32.48167419433594
9.934	3.7256948947906494	36.08876037597656
9.936	3.6606593132019043	38.396053314208984
9.938	3.4567084312438965	36.40721130371094
9.94	3.03359055519104	37.57292556762695
9.942	2.988044500350952	33.578521728515625
9.944	2.9487271308898926	31.97471809387207
9.946	2.9189693927764893	32.2683219909668
9.948	2.94400691986084	32.17021179199219
9.95	3.0738086700439453	28.441205978393555
9.952	3.0889804363250732	30.97254180908203
9.954	2.8922252655029297	28.414125442504883
9.956	2.9277918338775635	30.07842445373535
9.958	2.9662411212921143	30.51712417602539
9.96	2.888239860534668	32.39705276489258
9.962	2.912848711013794	29.64228630065918
9.964	2.7128098011016846	26.465290069580078
9.966	2.6901357173919678	29.940793991088867
9.968	2.854175090789795	32.4642448425293
9.97	2.9527416229248047	32.504600524902344
9.972	2.706552743911743	33.428611755371094
9.974	2.8438453674316406	30.797954559326172
9.976	2.8603098392486572	33.246891021728516
9.978	2.8999407291412354	29.118701934814453
9.98	2.7322804927825928	28.379074096679688
9.982	2.7539002895355225	30.15351676940918
9.984	3.531137466430664	26.734760284423828
9.986	4.279079437255859	40.243507385253906
9.988	5.575345516204834	66.22648620605469
9.99	5.057640552520752	66.03350067138672
9.992	2.9250259399414062	62.02549362182617
9.994	2.404243230819702	53.336814880371094
9.996	2.5001494884490967	40.91455078125
9.998	2.840881586074829	36.79136276245117
10.0	2.9701788425445557	37.64719009399414
10.002	3.1195294857025146	33.34391784667969
10.004	3.1016011238098145	30.264732360839844
10.006	3.0313336849212646	30.824138641357422
10.008	3.1238203048706055	29.277297973632812
10.01	2.957869291305542	29.83932113647461
10.012	2.8230135440826416	28.60446548461914
10.014	2.7992234230041504	28.85488510131836
10.016	2.5839779376983643	25.818557739257812
10.018	2.2033121585845947	26.34905242919922
10.02	2.3539681434631348	27.346511840820312
10.022	2.843052387237549	27.560571670532227
10.024	2.3636672496795654	26.291711807250977
10.026	2.280846118927002	25.540794372558594
10.028	2.352325439453125	23.22125816345215
10.03	2.3136000633239746	21.616357803344727
10.032	2.230637311935425	22.851078033447266
10.034	2.806443214416504	25.290218353271484
10.036	2.992199659347534	27.149681091308594
10.038	4.669026851654053	32.258087158203125
10.04	5.465313911437988	38.8949089050293
10.042	4.345517158508301	36.869239807128906
10.044	3.5269174575805664	37.86015701293945
10.046	3.453108787536621	44.72611999511719
10.048	3.779927968978882	39.540428161621094
10.05	3.5602869987487793	34.689300537109375
10.052	3.4524307250976562	34.314876556396484
10.054	3.2872509956359863	31.131254196166992
10.056	3.074617862701416	24.21728515625
10.058	2.8388350009918213	29.437992095947266
10.06	2.5331380367279053	26.451053619384766
10.062	2.4567995071411133	26.27950668334961
10.064	2.2957653999328613	27.119205474853516
10.066	2.2414233684539795	29.381643295288086
10.068	2.2603156566619873	28.07050323486328
10.07	2.30472469329834	26.825939178466797
10.072	2.449439764022827	29.997289657592773
10.074	2.732602119445801	30.633216857910156
10.076	2.722024440765381	32.042964935302734
10.078	2.9836111068725586	32.28387451171875
10.08	2.8471622467041016	32.47801208496094
10.082	2.9755992889404297	33.42572021484375
10.084	2.805830240249634	39.02067184448242
10.086	2.548135757446289	50.02260971069336
10.088	2.2646608352661133	51.08394241333008
10.09	1.548326849937439	53.95585632324219
10.092	1.803114414215088	59.179107666015625
10.094	2.0923264026641846	58.911277770996094
10.096	2.5687053203582764	52.686100006103516
10.098	3.0326106548309326	46.73594665527344
10.1	3.59264874458313	41.946022033691406
10.102	3.738006114959717	29.96019172668457
10.104	3.3698079586029053	32.050880432128906
10.106	3.218592643737793	31.173311233520508
10.108	3.0326693058013916	27.903589248657227
10.11	2.8689699172973633	32.441078186035156
10.112	2.7456283569335938	32.10200119018555
10.114	2.823652744293213	33.29387283325195
10.116	2.4495391845703125	27.925867080688477
10.118	2.0737736225128174	26.849853515625
10.12	2.2704944610595703	29.713857650756836
10.122	2.490230083465576	28.831201553344727
10.124	2.605605125427246	27.704742431640625
10.126	2.5481441020965576	28.5159912109375
10.128	2.7776076793670654	31.522626876831055
10.13	2.8727591037750244	32.597110748291016
10.132	3.341196060180664	39.6934700012207
10.134	4.000850200653076	47.655601501464844
10.136	3.461007833480835	45.9909782409668
10.138	2.4579739570617676	47.44636154174805
10.14	1.8098783493041992	54.23552703857422
10.142	1.2429481744766235	56.4179573059082
10.144	2.0296313762664795	60.22394943237305
10.146	2.616393566131592	56.690277099609375
10.148	3.7445340156555176	46.26576232910156
10.15	3.8228726387023926	35.403995513916016
10.152	3.407273530960083	34.48607635498047
10.154	3.1318469047546387	37.292110443115234
10.156	3.370837450027466	32.77388381958008
10.158	2.9374778270721436	31.514421463012695
10.16	2.931867837905884	34.357505798339844
10.162	3.3516669273376465	41.977081298828125
10.164	3.763383388519287	44.88249206542969
10.166	4.286015033721924	47.463233947753906
10.168	4.780768394470215	46.41415023803711
10.17	4.3796186447143555	45.98844909667969
10.172	4.449018955230713	46.242855072021484
10.174	4.6481451988220215	48.67795181274414
10.176	4.963418483734131	49.41856002807617
10.178	4.958056449890137	50.32975387573242
10.18	5.334863185882568	48.978267669677734
10.182	4.828494071960449	49.26292419433594
10.184	4.8214311599731445	46.837890625
10.186	4.663123607635498	48.781131744384766
10.188	4.580159664154053	50.254241943359375
10.19	4.896135330200195	51.82202911376953
10.192	5.236252784729004	49.46122360229492
10.194	5.324267864227295	47.28144836425781
10.196	5.3493781089782715	44.374000549316406
10.198	5.6165571212768555	40.02180099487305
10.2	4.969787120819092	42.027320861816406
10.202	4.324941635131836	43.608985900878906
10.204	4.234893321990967	44.036537170410156
10.206	4.110081672668457	45.559661865234375
10.208	4.134170055389404	45.24148178100586
10.21	3.8386948108673096	40.703277587890625
10.212	3.5613410472869873	41.69778823852539
10.214	3.307283639907837	44.32343292236328
10.216	3.8467748165130615	44.212554931640625
10.218	3.5776004791259766	44.43756103515625
10.22	3.7688426971435547	43.039546966552734
10.222	3.8807828426361084	46.00165557861328
10.224	4.090946197509766	42.20957946777344
10.226	3.817318916320801	43.59973907470703
10.228	3.903510570526123	40.16236114501953
10.23	3.774724006652832	47.70381546020508
10.232	4.063777923583984	54.18429183959961
10.234	4.208103656768799	58.45534133911133
10.236	3.6734511852264404	52.99587631225586
10.238	4.027284145355225	49.58841323852539
10.24	4.4622063636779785	46.744789123535156
10.242	4.850422382354736	46.798484802246094
10.244	7.312517166137695	36.21059799194336
10.246	8.729748725891113	22.954410552978516
10.248	5.732619762420654	20.26270866394043
10.25	3.464419364929199	23.311954498291016
10.252	2.7048003673553467	35.936927795410156
10.254	3.24867582321167	40.37936019897461
10.256	3.5206050872802734	37.54106521606445
10.258	3.4315197467803955	36.19104766845703
10.26	3.204008102416992	35.399497985839844
10.262	3.1131327152252197	28.825443267822266
10.264	2.903337240219116	37.05349349975586
10.266	3.219999313354492	37.08026123046875
10.268	3.4754388332366943	39.97108459472656
10.27	3.5217525959014893	40.270259857177734
10.272	3.309346914291382	46.182716369628906
10.274	3.142937183380127	46.68042755126953
10.276	2.7515881061553955	52.037288665771484
10.278	2.6150918006896973	52.13368606567383
10.28	2.132181167602539	52.92398452758789
10.282	2.1251540184020996	53.211910247802734
10.284	1.8661500215530396	57.7744255065918
10.286	1.700671672821045	57.07333755493164
10.288	1.97902512550354	57.521026611328125
10.29	2.619842290878296	44.99109649658203
10.292	3.5412697792053223	54.02350616455078
10.294	4.150049209594727	58.313777923583984
10.296	5.4240498542785645	47.959861755371094
10.298	6.9252190589904785	24.72389030456543
10.3	6.079117774963379	8.251562118530273
