children: []
meta:
  creationTime: 1715717475.1513815
  dataType: !!python/name:numpy.float64 ''
  defaults: {}
  description: ''
  fieldMap: {freq: 0, mag: 1, phase: 2}
  fieldNames: [freq, mag, phase]
  filename: \\132.166.23.175\room8a-data\FERBO\FB_W10_S4\run2\FBW10S4_204062-children\FBW10S4_204284.txt
  index: 251
  length: 251
  modificationTime: 1715717530.283692
  name: FBW10S4_204284
  tags: ''
parameters: {}
tablefilename: FBW10S4_204284.txt
version: '1.0'
#end of header
freq	mag	phase
9.8	3.4771761894226074	15.22771167755127
9.802	2.8104541301727295	23.2156982421875
9.804	2.7865793704986572	22.998123168945312
9.806	2.8371641635894775	24.389366149902344
9.808	2.7623157501220703	26.034658432006836
9.81	2.8420701026916504	25.15917205810547
9.812	2.6449880599975586	24.657045364379883
9.814	2.648176670074463	27.869091033935547
9.816	2.7626829147338867	28.707496643066406
9.818	2.888995885848999	32.42879104614258
9.82	2.827327013015747	30.91485023498535
9.822	2.7069942951202393	32.10861587524414
9.824	2.8059275150299072	28.518461227416992
9.826	2.9269893169403076	29.30755615234375
9.828	2.9342541694641113	27.165273666381836
9.83	2.8137528896331787	31.0173397064209
9.832	2.9298999309539795	26.2849178314209
9.834	2.9312262535095215	27.91092300415039
9.836	3.1802127361297607	35.04661560058594
9.838	3.2873435020446777	34.31877517700195
9.84	3.804992198944092	32.87712478637695
9.842	4.0207600593566895	37.95854568481445
9.844	4.257278919219971	41.822025299072266
9.846	4.5265350341796875	42.544185638427734
9.848	4.900046348571777	41.208499908447266
9.85	4.511353969573975	30.48169708251953
9.852	3.427856683731079	34.257205963134766
9.854	3.7554659843444824	23.8984375
9.856	3.257155179977417	28.34267234802246
9.858	2.859328269958496	28.986343383789062
9.86	2.572445869445801	31.280559539794922
9.862	2.747626781463623	29.98361587524414
9.864	2.7962779998779297	29.623912811279297
9.866	2.5736751556396484	29.691198348999023
9.868	2.6465647220611572	25.628807067871094
9.87	2.712449073791504	23.963661193847656
9.872	2.742124080657959	24.014822006225586
9.874	2.8313024044036865	27.273828506469727
9.876	2.7921383380889893	25.641618728637695
9.878	2.8771846294403076	28.258804321289062
9.88	2.9103376865386963	27.182056427001953
9.882	3.1291990280151367	27.621353149414062
9.884	2.9530842304229736	23.91541862487793
9.886	2.83634352684021	28.720094680786133
9.888	2.9093525409698486	26.559389114379883
9.89	3.1047868728637695	34.96151351928711
9.892	3.071523666381836	35.822776794433594
9.894	2.986614942550659	33.98621368408203
9.896	2.8792738914489746	31.201404571533203
9.898	2.896322250366211	26.485347747802734
9.9	2.9039037227630615	25.113847732543945
9.902	3.20327091217041	26.181730270385742
9.904	3.235722780227661	25.67888641357422
9.906	3.144582748413086	22.966684341430664
9.908	3.162160873413086	24.379064559936523
9.91	3.0450820922851562	23.595382690429688
9.912	2.880922317504883	26.217344284057617
9.914	2.9558918476104736	26.020004272460938
9.916	2.8135998249053955	23.88994789123535
9.918	2.8279287815093994	26.12883758544922
9.92	2.8294806480407715	26.662418365478516
9.922	2.870063066482544	28.41836929321289
9.924	2.9413836002349854	26.349748611450195
9.926	3.0388035774230957	31.396095275878906
9.928	3.0735347270965576	24.636547088623047
9.93	2.9708123207092285	26.978984832763672
9.932	3.232670545578003	21.4045467376709
9.934	3.404741048812866	30.19719123840332
9.936	3.6797878742218018	30.31626319885254
9.938	2.932004451751709	28.61147689819336
9.94	2.7612392902374268	29.570341110229492
9.942	2.8915607929229736	32.87933349609375
9.944	2.96010160446167	26.755964279174805
9.946	2.8912863731384277	26.182979583740234
9.948	2.881988048553467	26.08304214477539
9.95	2.9673473834991455	26.570051193237305
9.952	2.9355850219726562	22.506195068359375
9.954	3.0083820819854736	27.10552406311035
9.956	2.848294496536255	29.050464630126953
9.958	2.720961093902588	24.20323944091797
9.96	2.6947805881500244	22.397075653076172
9.962	2.6841814517974854	26.87007713317871
9.964	2.7762749195098877	28.180465698242188
9.966	2.76784086227417	25.62602996826172
9.968	2.8783886432647705	26.28877067565918
9.97	2.794848680496216	26.88121223449707
9.972	2.6458740234375	27.536401748657227
9.974	2.572955369949341	26.676753997802734
9.976	2.6843435764312744	24.31464195251465
9.978	2.660274028778076	27.669044494628906
9.98	2.828732490539551	24.039955139160156
9.982	2.819514751434326	26.996864318847656
9.984	3.285761833190918	26.907461166381836
9.986	4.1220383644104	32.47132110595703
9.988	5.179757118225098	58.557621002197266
9.99	4.065068244934082	64.87410736083984
9.992	2.873002052307129	54.52129364013672
9.994	2.13897705078125	43.49106216430664
9.996	2.224426031112671	34.024658203125
9.998	2.599567174911499	31.583126068115234
10.0	2.894876003265381	26.630582809448242
10.002	3.0096657276153564	27.81222915649414
10.004	2.8961236476898193	23.091670989990234
10.006	2.881840944290161	25.63187026977539
10.008	3.0369338989257812	29.229637145996094
10.01	2.8721325397491455	25.620737075805664
10.012	2.792022228240967	27.358722686767578
10.014	2.7868053913116455	27.291645050048828
10.016	2.436732292175293	25.3590145111084
10.018	2.386225700378418	28.564401626586914
10.02	2.4071245193481445	21.326417922973633
10.022	2.5564301013946533	25.00945472717285
10.024	2.445007085800171	27.07144546508789
10.026	2.438514232635498	22.77591896057129
10.028	2.4128470420837402	30.577045440673828
10.03	2.7915899753570557	24.70699119567871
10.032	2.6317152976989746	28.42788314819336
10.034	2.8196613788604736	28.402097702026367
10.036	3.4172306060791016	22.150775909423828
10.038	4.204531192779541	33.68206787109375
10.04	5.233346939086914	45.90237808227539
10.042	4.385829925537109	38.863582611083984
10.044	3.5834500789642334	36.96329879760742
10.046	3.3626418113708496	34.80268096923828
10.048	3.3213324546813965	28.55591583251953
10.05	3.3022375106811523	31.68816375732422
10.052	3.171555757522583	26.998205184936523
10.054	3.139986991882324	32.47993087768555
10.056	3.019442081451416	25.030750274658203
10.058	2.8592448234558105	21.834367752075195
10.06	2.776045083999634	19.292022705078125
10.062	2.7539963722229004	20.29645347595215
10.064	2.698632001876831	26.812528610229492
10.066	2.955134153366089	24.437440872192383
10.068	2.642704963684082	27.20384979248047
10.07	2.7312984466552734	29.509370803833008
10.072	2.6489439010620117	24.809452056884766
10.074	2.818054437637329	24.069490432739258
10.076	2.721832752227783	26.33483123779297
10.078	2.791494131088257	25.415611267089844
10.08	2.7131831645965576	26.07889175415039
10.082	2.774671792984009	31.76943588256836
10.084	2.6333656311035156	27.89263916015625
10.086	2.5226328372955322	43.994754791259766
10.088	2.03989315032959	46.98249816894531
10.09	1.5658092498779297	52.50131607055664
10.092	1.3334170579910278	51.80056381225586
10.094	1.6184028387069702	49.038902282714844
10.096	1.8979742527008057	45.91856384277344
10.098	2.712336778640747	33.7495231628418
10.1	3.1169817447662354	33.70313262939453
10.102	3.5013835430145264	24.611644744873047
10.104	3.348097324371338	22.84589195251465
10.106	2.9455811977386475	24.33213996887207
10.108	2.8395371437072754	25.564123153686523
10.11	2.6320960521698	21.383384704589844
10.112	2.70479154586792	27.624759674072266
10.114	2.627568483352661	19.772327423095703
10.116	2.103302001953125	19.640731811523438
10.118	1.687960147857666	19.520883560180664
10.12	1.9812629222869873	19.279041290283203
10.122	1.9225735664367676	21.40118408203125
10.124	2.279546022415161	25.395689010620117
10.126	2.539562940597534	27.493436813354492
10.128	2.483767032623291	21.971311569213867
10.13	2.562854051589966	22.7044734954834
10.132	3.00408935546875	29.45214080810547
10.134	3.3657968044281006	30.041908264160156
10.136	2.6549317836761475	41.080177307128906
10.138	1.9976893663406372	45.06863021850586
10.14	1.375523567199707	44.24238967895508
10.142	0.6263826489448547	46.65494918823242
10.144	1.457344889640808	48.80974578857422
10.146	1.8637560606002808	44.54728698730469
10.148	3.049156665802002	34.33631896972656
10.15	3.846891164779663	28.44084930419922
10.152	2.96616792678833	24.651329040527344
10.154	2.8945369720458984	27.120752334594727
10.156	2.9982614517211914	24.905223846435547
10.158	2.8075687885284424	25.900115966796875
10.16	2.6740176677703857	26.299297332763672
10.162	2.9418768882751465	29.065793991088867
10.164	2.8101580142974854	31.489402770996094
10.166	3.352463483810425	33.50074768066406
10.168	3.3476431369781494	33.46063995361328
10.17	3.3708252906799316	36.42454147338867
10.172	3.4735729694366455	36.46369171142578
10.174	3.481309175491333	40.09572219848633
10.176	3.961925983428955	43.2468147277832
10.178	4.347497463226318	45.830055236816406
10.18	4.631072521209717	46.0701904296875
10.182	4.120885372161865	41.0503044128418
10.184	3.962453603744507	39.30030822753906
10.186	3.73067569732666	40.812007904052734
10.188	3.752305746078491	45.902305603027344
10.19	4.20082950592041	47.797149658203125
10.192	4.826966762542725	48.20952224731445
10.194	5.471837997436523	48.3795166015625
10.196	5.872837543487549	43.38399124145508
10.198	5.8483381271362305	36.85210418701172
10.2	4.678302764892578	37.645320892333984
10.202	4.044641494750977	42.25013732910156
10.204	4.09368896484375	43.0549430847168
10.206	3.9220402240753174	44.5317497253418
10.208	3.805527448654175	41.98682403564453
10.21	3.5650837421417236	34.99767303466797
10.212	3.094755172729492	29.447080612182617
10.214	2.802058219909668	31.786563873291016
10.216	2.723649024963379	36.10444259643555
10.218	2.6962478160858154	32.01256561279297
10.22	2.6328649520874023	32.13874435424805
10.222	2.8946704864501953	31.307043075561523
10.224	2.8051297664642334	28.651386260986328
10.226	2.877645492553711	27.274433135986328
10.228	2.7928035259246826	26.566570281982422
10.23	2.760593891143799	31.39051055908203
10.232	2.7070999145507812	31.988500595092773
10.234	2.80840802192688	43.5602912902832
10.236	2.8639566898345947	45.341670989990234
10.238	3.1777684688568115	40.270328521728516
10.24	3.6078052520751953	35.67430114746094
10.242	5.040301322937012	42.41408920288086
10.244	6.382612228393555	29.803186416625977
10.246	7.38267707824707	1.864660382270813
10.248	6.179540634155273	5.555798053741455
10.25	2.664357900619507	13.18166732788086
10.252	2.450698137283325	23.977340698242188
10.254	2.534566879272461	21.02994155883789
10.256	2.807342767715454	22.30435562133789
10.258	2.759108304977417	25.52924156188965
10.26	2.6225852966308594	25.026243209838867
10.262	2.7063024044036865	23.83968162536621
10.264	2.7330129146575928	28.796493530273438
10.266	2.793307065963745	29.55301284790039
10.268	2.7153267860412598	23.12866973876953
10.27	2.729673385620117	23.905418395996094
10.272	2.350928783416748	25.770122528076172
10.274	1.8285114765167236	29.26434898376465
10.276	1.2112019062042236	34.74172592163086
10.278	0.948880672454834	37.75794219970703
10.28	0.7389087677001953	39.029544830322266
10.282	0.778627336025238	41.560203552246094
10.284	0.8311084508895874	47.381778717041016
10.286	0.49362143874168396	46.88277053833008
10.288	0.8312410116195679	46.8435173034668
10.29	1.6199355125427246	36.35639572143555
10.292	2.757652759552002	43.386043548583984
10.294	3.1492018699645996	45.457427978515625
10.296	4.6115851402282715	38.936222076416016
10.298	6.308452129364014	20.991060256958008
10.3	5.964934825897217	-4.230193138122559
