children: []
meta:
  creationTime: 1715707241.7140193
  dataType: !!python/name:numpy.float64 ''
  defaults: {}
  description: ''
  fieldMap: {freq: 0, mag: 1, phase: 2}
  fieldNames: [freq, mag, phase]
  filename: \\132.166.23.175\room8a-data\FERBO\FB_W10_S4\run2\FBW10S4_204062-children\FBW10S4_204097.txt
  index: 251
  length: 251
  modificationTime: 1715707296.0763538
  name: FBW10S4_204097
  tags: ''
parameters: {}
tablefilename: FBW10S4_204097.txt
version: '1.0'
#end of header
freq	mag	phase
9.8	3.8629579544067383	27.860197067260742
9.802	3.1462860107421875	26.309385299682617
9.804	2.9922566413879395	27.25762939453125
9.806	3.0489206314086914	27.103782653808594
9.808	3.0736308097839355	25.213727951049805
9.81	2.9402828216552734	25.359695434570312
9.812	2.8154876232147217	25.03531837463379
9.814	2.712214231491089	24.56780433654785
9.816	2.9516499042510986	27.392385482788086
9.818	2.970348358154297	29.63867950439453
9.82	2.9736194610595703	27.76295280456543
9.822	2.8436031341552734	28.660348892211914
9.824	2.8966047763824463	27.003917694091797
9.826	3.1216824054718018	26.532594680786133
9.828	3.1644115447998047	28.501007080078125
9.83	3.0901596546173096	27.022972106933594
9.832	3.0724523067474365	28.737112045288086
9.834	3.1505937576293945	28.7385196685791
9.836	3.2743263244628906	28.944238662719727
9.838	3.3642547130584717	29.4066104888916
9.84	3.616680383682251	32.023170471191406
9.842	3.849457263946533	35.52133560180664
9.844	4.050097942352295	39.59315490722656
9.846	4.280694007873535	39.21623992919922
9.848	4.684315204620361	42.797157287597656
9.85	4.9705400466918945	43.35124588012695
9.852	3.9274392127990723	30.322505950927734
9.854	3.961061477661133	26.95619773864746
9.856	3.0427260398864746	23.3271427154541
9.858	2.553574562072754	24.9263973236084
9.86	2.5010385513305664	24.895238876342773
9.862	2.6318752765655518	24.24746322631836
9.864	2.786424398422241	23.926471710205078
9.866	2.6822428703308105	25.483766555786133
9.868	2.670042037963867	26.591577529907227
9.87	2.8635988235473633	29.85857582092285
9.872	3.117767095565796	25.887937545776367
9.874	2.985896110534668	27.71924591064453
9.876	3.0171403884887695	27.554502487182617
9.878	3.1416871547698975	29.399354934692383
9.88	2.904073476791382	22.62079620361328
9.882	2.7832229137420654	22.203123092651367
9.884	2.9204907417297363	24.028785705566406
9.886	3.009849786758423	26.874000549316406
9.888	3.022252321243286	27.58727264404297
9.89	3.090934991836548	26.302875518798828
9.892	2.9803497791290283	26.22393798828125
9.894	2.9426944255828857	28.078950881958008
9.896	3.106712579727173	28.501483917236328
9.898	3.1714253425598145	27.894081115722656
9.9	3.249161720275879	27.231796264648438
9.902	3.255401849746704	26.933378219604492
9.904	3.3303163051605225	23.23662567138672
9.906	3.3613672256469727	25.363496780395508
9.908	3.347257614135742	25.887176513671875
9.91	3.261270523071289	27.06269645690918
9.912	3.050823211669922	26.582948684692383
9.914	3.0924878120422363	25.372299194335938
9.916	2.9364171028137207	23.283187866210938
9.918	2.9190468788146973	27.675189971923828
9.92	2.983241081237793	27.16041374206543
9.922	3.0449023246765137	30.291759490966797
9.924	3.4829187393188477	32.52429962158203
9.926	3.39262318611145	36.171932220458984
9.928	3.794504404067993	33.03005599975586
9.93	3.5241105556488037	28.768808364868164
9.932	3.529572010040283	24.64884376525879
9.934	3.674180269241333	30.226247787475586
9.936	3.6512978076934814	33.287376403808594
9.938	3.1775336265563965	31.026920318603516
9.94	2.899052619934082	32.18184280395508
9.942	2.842054605484009	28.087839126586914
9.944	2.922159194946289	24.701446533203125
9.946	2.9490408897399902	26.081073760986328
9.948	3.0739502906799316	27.382282257080078
9.95	3.067553997039795	23.165727615356445
9.952	3.0205423831939697	24.062822341918945
9.954	2.9894325733184814	22.773235321044922
9.956	2.830428123474121	22.14717674255371
9.958	2.9009687900543213	23.42987632751465
9.96	2.7857284545898438	20.39047622680664
9.962	2.7777669429779053	20.393632888793945
9.964	2.7564055919647217	20.831443786621094
9.966	2.699042320251465	21.442792892456055
9.968	2.844200611114502	20.24860382080078
9.97	2.7072811126708984	23.223831176757812
9.972	2.665532112121582	23.41270637512207
9.974	2.5032458305358887	23.872011184692383
9.976	2.7260916233062744	22.450958251953125
9.978	2.729525566101074	22.446645736694336
9.98	2.6770734786987305	20.430086135864258
9.982	2.6852338314056396	23.265047073364258
9.984	3.242220640182495	19.143341064453125
9.986	3.9355812072753906	29.561498641967773
9.988	5.1936564445495605	54.85688018798828
9.99	4.422956466674805	54.780296325683594
9.992	2.437828779220581	53.74154281616211
9.994	1.8500875234603882	44.931602478027344
9.996	2.131117105484009	32.33574676513672
9.998	2.5974457263946533	30.748258590698242
10.0	2.8816142082214355	28.791015625
10.002	2.9347050189971924	25.226457595825195
10.004	3.056950807571411	26.17898941040039
10.006	3.0233891010284424	23.627138137817383
10.008	3.0602569580078125	26.0790958404541
10.01	3.0932371616363525	25.247167587280273
10.012	2.91786527633667	22.342010498046875
10.014	2.7385237216949463	25.1303653717041
10.016	2.3397836685180664	20.49748992919922
10.018	2.06894850730896	21.43926239013672
10.02	2.4688289165496826	21.710445404052734
10.022	2.2918522357940674	22.84897232055664
10.024	2.3493399620056152	24.576047897338867
10.026	2.2928168773651123	20.863462448120117
10.028	2.3048758506774902	22.092605590820312
10.03	2.641031265258789	18.997346878051758
10.032	2.565481185913086	19.992464065551758
10.034	2.845620632171631	20.047012329101562
10.036	3.0602400302886963	21.0346622467041
10.038	4.12476921081543	31.252832412719727
10.04	5.226018905639648	31.385757446289062
10.042	4.246342658996582	29.734542846679688
10.044	3.3134195804595947	31.343994140625
10.046	3.3093318939208984	31.030359268188477
10.048	3.119701385498047	28.638328552246094
10.05	3.0476913452148438	28.948978424072266
10.052	3.326573371887207	27.934608459472656
10.054	3.2077720165252686	25.757749557495117
10.056	3.1992485523223877	23.566268920898438
10.058	3.0667812824249268	25.563634872436523
10.06	3.0380377769470215	25.065961837768555
10.062	3.021293878555298	26.226295471191406
10.064	2.945371389389038	23.737707138061523
10.066	2.769925117492676	26.63302993774414
10.068	2.9454538822174072	26.038467407226562
10.07	2.9673256874084473	26.860231399536133
10.072	2.899115562438965	27.420114517211914
10.074	2.9033262729644775	27.352882385253906
10.076	2.917572498321533	28.157686233520508
10.078	3.013105630874634	28.253515243530273
10.08	3.0440833568573	31.02657127380371
10.082	3.064069986343384	29.302669525146484
10.084	2.846813440322876	27.692426681518555
10.086	2.4708547592163086	37.205387115478516
10.088	1.9400806427001953	43.29335021972656
10.09	0.8773139715194702	46.327857971191406
10.092	0.9229983687400818	47.2446174621582
10.094	1.0101984739303589	43.89181900024414
10.096	1.3599330186843872	40.692543029785156
10.098	2.4251532554626465	37.32280349731445
10.1	3.0361993312835693	32.90753936767578
10.102	3.258046865463257	24.528045654296875
10.104	3.154736280441284	23.72796058654785
10.106	3.1193528175354004	26.157712936401367
10.108	3.2446651458740234	26.835494995117188
10.11	3.0529160499572754	28.84514808654785
10.112	3.101105213165283	24.426488876342773
10.114	2.8546719551086426	23.065101623535156
10.116	2.2432897090911865	22.0093994140625
10.118	1.9885187149047852	23.715709686279297
10.12	1.942313313484192	22.64261245727539
10.122	2.1737334728240967	24.151044845581055
10.124	2.645827054977417	24.281126022338867
10.126	2.6900124549865723	23.412385940551758
10.128	2.9022626876831055	25.296812057495117
10.13	2.905730962753296	26.82954978942871
10.132	3.1829800605773926	31.097915649414062
10.134	3.43003511428833	34.76457214355469
10.136	2.7767651081085205	44.97886657714844
10.138	2.169147491455078	42.25867462158203
10.14	1.1175206899642944	43.81539535522461
10.142	0.38504502177238464	39.6641845703125
10.144	1.3115522861480713	51.25044250488281
10.146	1.861114501953125	52.299591064453125
10.148	3.0426719188690186	36.68497848510742
10.15	3.7122433185577393	27.65889549255371
10.152	3.3295950889587402	28.0312442779541
10.154	3.2377572059631348	29.55340576171875
10.156	3.491048574447632	30.31939125061035
10.158	3.3235626220703125	29.09419822692871
10.16	3.0378847122192383	35.084571838378906
10.162	3.3655221462249756	41.0079345703125
10.164	4.392053127288818	48.38917541503906
10.166	4.896698474884033	49.26608657836914
10.168	5.0337138175964355	48.32947540283203
10.17	4.737812042236328	47.100616455078125
10.172	4.680867671966553	47.45040512084961
10.174	5.100936412811279	50.51142120361328
10.176	5.365845680236816	50.73825454711914
10.178	5.445335865020752	50.349754333496094
10.18	5.4629034996032715	50.01302719116211
10.182	5.260015487670898	49.459007263183594
10.184	5.174597263336182	49.838775634765625
10.186	4.9194464683532715	52.24631118774414
10.188	5.030918121337891	52.6265869140625
10.19	5.397322654724121	55.341522216796875
10.192	5.93551778793335	52.7785530090332
10.194	5.963561058044434	50.133174896240234
10.196	6.144695281982422	46.09172821044922
10.198	5.905900955200195	35.85905838012695
10.2	4.80281400680542	39.5809440612793
10.202	4.388932704925537	44.48128890991211
10.204	4.44191837310791	42.52250671386719
10.206	3.8199028968811035	37.574161529541016
10.208	3.2159109115600586	37.96985626220703
10.21	3.5536420345306396	30.193424224853516
10.212	3.2116076946258545	27.36585235595703
10.214	2.975939989089966	28.889320373535156
10.216	2.9004054069519043	32.67683410644531
10.218	2.8774397373199463	29.038848876953125
10.22	2.8211135864257812	29.987197875976562
10.222	2.938537120819092	27.17975616455078
10.224	2.9426844120025635	25.662921905517578
10.226	2.9310126304626465	24.18486213684082
10.228	2.824398994445801	25.06428337097168
10.23	2.731710433959961	31.023088455200195
10.232	2.7630515098571777	33.692626953125
10.234	2.886519193649292	36.894161224365234
10.236	3.3474814891815186	41.3339729309082
10.238	3.041325807571411	37.505550384521484
10.24	3.5456655025482178	38.385433197021484
10.242	4.5077691078186035	43.36592102050781
10.244	6.029865741729736	32.03502655029297
10.246	7.40631628036499	2.6217315196990967
10.248	6.128686904907227	7.355764389038086
10.25	3.0128684043884277	21.344066619873047
10.252	2.53989577293396	30.060447692871094
10.254	2.8836231231689453	28.195072174072266
10.256	2.937889575958252	24.729419708251953
10.258	2.8094236850738525	27.077341079711914
10.26	2.941596746444702	20.239301681518555
10.262	2.7860639095306396	22.74868392944336
10.264	2.722459077835083	20.306562423706055
10.266	2.722818613052368	20.28419303894043
10.268	2.628941059112549	21.63058853149414
10.27	2.7222180366516113	21.493494033813477
10.272	2.4715635776519775	29.049720764160156
10.274	1.9961121082305908	37.626399993896484
10.276	1.8488973379135132	36.374610900878906
10.278	1.3661246299743652	35.13846969604492
10.28	1.0787255764007568	35.24800109863281
10.282	1.2928640842437744	39.717899322509766
10.284	1.1311675310134888	38.99797058105469
10.286	0.7757857441902161	47.598209381103516
10.288	0.6934731602668762	48.12405014038086
10.29	1.669326663017273	35.25731658935547
10.292	2.8010151386260986	39.852413177490234
10.294	3.420741558074951	46.76908493041992
10.296	4.170982837677002	43.76716995239258
10.298	6.064697265625	16.863554000854492
10.3	6.872879505157471	2.8986241817474365
