children: []
meta:
  creationTime: 1715718473.3341713
  dataType: !!python/name:numpy.float64 ''
  defaults: {}
  description: ''
  fieldMap: {freq: 0, mag: 1, phase: 2}
  fieldNames: [freq, mag, phase]
  filename: \\132.166.23.175\room8a-data\FERBO\FB_W10_S4\run2\FBW10S4_204062-children\FBW10S4_204302.txt
  index: 251
  length: 251
  modificationTime: 1715718528.6431222
  name: FBW10S4_204302
  tags: ''
parameters: {}
tablefilename: FBW10S4_204302.txt
version: '1.0'
#end of header
freq	mag	phase
9.8	3.080026865005493	23.60348129272461
9.802	2.9781157970428467	22.773374557495117
9.804	2.9232096672058105	22.835494995117188
9.806	2.809520721435547	23.856929779052734
9.808	2.8252921104431152	21.861921310424805
9.81	2.7649528980255127	23.39341926574707
9.812	2.6938095092773438	23.977828979492188
9.814	2.6731905937194824	22.561336517333984
9.816	2.6802642345428467	24.616172790527344
9.818	2.750455379486084	26.753578186035156
9.82	2.7635538578033447	23.947708129882812
9.822	2.7252800464630127	25.56016731262207
9.824	2.592951536178589	19.547426223754883
9.826	2.5943422317504883	23.734636306762695
9.828	2.7577993869781494	24.74299430847168
9.83	2.6693053245544434	24.019634246826172
9.832	2.880009651184082	25.317514419555664
9.834	3.005465030670166	24.084453582763672
9.836	3.014770030975342	24.38396453857422
9.838	3.160794734954834	23.412731170654297
9.84	3.626675844192505	28.630504608154297
9.842	3.8766987323760986	31.05611228942871
9.844	4.107616901397705	35.033077239990234
9.846	4.289742469787598	37.98436737060547
9.848	4.840541362762451	38.235130310058594
9.85	5.061705589294434	28.360145568847656
9.852	5.0472731590271	23.671497344970703
9.854	3.9167871475219727	23.276283264160156
9.856	3.0013811588287354	21.075366973876953
9.858	2.5050060749053955	21.66440200805664
9.86	2.357327699661255	21.630897521972656
9.862	2.6556153297424316	22.59035873413086
9.864	2.780579090118408	22.420360565185547
9.866	2.709765911102295	25.34629249572754
9.868	2.59230375289917	21.80498695373535
9.87	2.7078518867492676	21.898378372192383
9.872	2.718533515930176	22.629796981811523
9.874	2.819369316101074	22.166902542114258
9.876	2.8748831748962402	23.856592178344727
9.878	2.8914661407470703	23.353248596191406
9.88	2.9123547077178955	24.863882064819336
9.882	2.921367645263672	22.896812438964844
9.884	2.971961259841919	25.296451568603516
9.886	2.983370065689087	24.261682510375977
9.888	2.8492000102996826	24.005090713500977
9.89	2.958108425140381	24.319154739379883
9.892	2.847490072250366	27.824846267700195
9.894	2.889887809753418	27.205554962158203
9.896	2.86875581741333	25.204771041870117
9.898	2.9332470893859863	21.48175811767578
9.9	2.8542308807373047	24.317760467529297
9.902	3.0486690998077393	24.430021286010742
9.904	3.1460494995117188	21.508108139038086
9.906	3.2505321502685547	21.770055770874023
9.908	3.09653639793396	23.874521255493164
9.91	3.1082863807678223	23.909652709960938
9.912	2.753445625305176	21.721515655517578
9.914	2.7833423614501953	21.48293113708496
9.916	2.7956578731536865	22.213775634765625
9.918	2.87801194190979	22.319223403930664
9.92	2.850221872329712	22.364770889282227
9.922	2.8251795768737793	21.378591537475586
9.924	2.783877372741699	24.511877059936523
9.926	2.88956880569458	23.03119659423828
9.928	2.9199419021606445	23.645204544067383
9.93	2.916752815246582	22.263341903686523
9.932	3.323326349258423	22.74599838256836
9.934	3.7375450134277344	27.682050704956055
9.936	3.657343864440918	33.66755676269531
9.938	3.291677951812744	33.41608810424805
9.94	2.9885239601135254	31.991260528564453
9.942	2.8210091590881348	24.592300415039062
9.944	2.810060739517212	21.285390853881836
9.946	2.7354483604431152	23.51573944091797
9.948	2.732623815536499	23.52232551574707
9.95	2.9875028133392334	22.411100387573242
9.952	2.86537504196167	19.936220169067383
9.954	2.878437042236328	22.08428192138672
9.956	2.934487819671631	23.771068572998047
9.958	2.912692070007324	22.298221588134766
9.96	2.920673131942749	22.88064956665039
9.962	2.860959053039551	21.60225486755371
9.964	2.7433905601501465	23.14579963684082
9.966	2.7146008014678955	23.620834350585938
9.968	2.8551406860351562	22.493005752563477
9.97	2.80631947517395	24.10494041442871
9.972	2.6705989837646484	24.494735717773438
9.974	2.6271772384643555	23.361770629882812
9.976	2.7177515029907227	23.7602596282959
9.978	2.7946245670318604	21.130657196044922
9.98	2.7382020950317383	23.374099731445312
9.982	2.7375662326812744	21.168853759765625
9.984	2.9961254596710205	23.86678695678711
9.986	4.5424675941467285	36.8144645690918
9.988	6.094151496887207	49.05657958984375
9.99	5.04989767074585	60.039588928222656
9.992	2.818399429321289	55.26364517211914
9.994	2.123199462890625	43.04225540161133
9.996	2.164370536804199	35.155006408691406
9.998	2.5771703720092773	28.570220947265625
10.0	2.828479766845703	28.94528579711914
10.002	2.946288585662842	24.98781394958496
10.004	2.966475248336792	25.48868751525879
10.006	3.0465054512023926	24.101879119873047
10.008	3.0719709396362305	22.447004318237305
10.01	2.9086151123046875	20.94524383544922
10.012	2.828580617904663	21.192768096923828
10.014	2.623339891433716	20.409408569335938
10.016	2.3799026012420654	22.059900283813477
10.018	2.2774062156677246	20.687177658081055
10.02	2.1827921867370605	19.56233787536621
10.022	2.5156362056732178	20.60575294494629
10.024	2.347597122192383	19.367517471313477
10.026	2.3964760303497314	19.44228172302246
10.028	2.3421666622161865	21.904460906982422
10.03	2.6743390560150146	20.285118103027344
10.032	2.667051315307617	19.290571212768555
10.034	2.762380361557007	18.576780319213867
10.036	3.0131475925445557	17.668075561523438
10.038	4.502085208892822	31.135236740112305
10.04	5.5131754875183105	34.64134979248047
10.042	4.4766926765441895	36.66452407836914
10.044	3.9711320400238037	33.874996185302734
10.046	3.4045910835266113	32.75563430786133
10.048	3.361393451690674	34.059471130371094
10.05	3.392493963241577	28.108963012695312
10.052	3.331099033355713	24.628007888793945
10.054	3.126298666000366	22.23255729675293
10.056	3.0574915409088135	21.444110870361328
10.058	2.9960989952087402	20.584943771362305
10.06	2.785884380340576	19.468219757080078
10.062	2.7097649574279785	18.88411521911621
10.064	2.795290946960449	19.07755470275879
10.066	2.8075191974639893	20.61341094970703
10.068	2.7399954795837402	20.373350143432617
10.07	2.7141990661621094	22.562326431274414
10.072	2.8145408630371094	19.819293975830078
10.074	2.7837135791778564	20.239803314208984
10.076	2.790701150894165	21.332599639892578
10.078	2.795888900756836	22.129222869873047
10.08	2.8320024013519287	29.03021240234375
10.082	2.871178388595581	31.242521286010742
10.084	2.830444812774658	29.75546646118164
10.086	2.8307504653930664	39.03864288330078
10.088	1.8195743560791016	50.496559143066406
10.09	1.3370037078857422	47.6626091003418
10.092	1.2815003395080566	47.26655197143555
10.094	1.406374454498291	45.370662689208984
10.096	2.067708969116211	41.59759521484375
10.098	2.5834476947784424	34.5576057434082
10.1	3.1573307514190674	27.360631942749023
10.102	3.5696189403533936	22.91609001159668
10.104	3.311572313308716	16.826223373413086
10.106	3.0219082832336426	16.643949508666992
10.108	2.849609136581421	17.084104537963867
10.11	2.6566925048828125	20.413976669311523
10.112	2.712573289871216	17.942153930664062
10.114	2.3962349891662598	14.951332092285156
10.116	2.154818534851074	14.244837760925293
10.118	1.8085579872131348	13.86313533782959
10.12	1.8352408409118652	16.995363235473633
10.122	2.1303515434265137	16.76434326171875
10.124	2.313222885131836	18.607398986816406
10.126	2.615330934524536	18.943592071533203
10.128	2.5678393840789795	18.956844329833984
10.13	2.8116049766540527	19.909631729125977
10.132	2.9450111389160156	22.30844497680664
10.134	3.084885358810425	31.150815963745117
10.136	2.7529823780059814	35.91980743408203
10.138	2.071697235107422	42.011131286621094
10.14	1.6656792163848877	41.57855987548828
10.142	0.8319968581199646	45.1342887878418
10.144	1.200903296470642	44.27830505371094
10.146	2.221240997314453	45.659000396728516
10.148	3.4926791191101074	32.83628845214844
10.15	3.885586738586426	23.97480010986328
10.152	3.0373036861419678	20.59717559814453
10.154	2.9747915267944336	24.335662841796875
10.156	2.8396923542022705	23.550020217895508
10.158	2.7878830432891846	21.8502254486084
10.16	2.729013442993164	24.306137084960938
10.162	2.781634569168091	30.109745025634766
10.164	3.183962821960449	39.913265228271484
10.166	3.3588833808898926	41.511558532714844
10.168	3.774993658065796	40.973880767822266
10.17	3.6123530864715576	40.315101623535156
10.172	3.485929489135742	41.469749450683594
10.174	3.6984379291534424	41.170284271240234
10.176	3.8477883338928223	45.18525695800781
10.178	4.075453758239746	44.00403594970703
10.18	3.9976320266723633	45.21599197387695
10.182	4.255032539367676	39.07127380371094
10.184	3.800029754638672	33.779335021972656
10.186	3.295323371887207	34.431907653808594
10.188	3.9299919605255127	39.238285064697266
10.19	3.661862850189209	46.480934143066406
10.192	4.483577728271484	48.89206314086914
10.194	4.988363265991211	45.56424331665039
10.196	4.90468692779541	37.80876541137695
10.198	5.304165363311768	31.645526885986328
10.2	3.7821033000946045	34.07113265991211
10.202	3.608429193496704	33.97934341430664
10.204	3.134145736694336	37.670799255371094
10.206	3.2621846199035645	36.19256591796875
10.208	3.293329954147339	36.11698913574219
10.21	3.391512632369995	32.96131896972656
10.212	3.113555669784546	32.30542755126953
10.214	3.030545711517334	35.68356704711914
10.216	3.0447168350219727	35.20572280883789
10.218	3.0143752098083496	34.18450927734375
10.22	3.0679869651794434	34.97279357910156
10.222	3.1998727321624756	33.6667366027832
10.224	2.976041793823242	28.651203155517578
10.226	3.034607410430908	28.047895431518555
10.228	2.8795700073242188	25.723175048828125
10.23	2.8860654830932617	25.912519454956055
10.232	2.801584482192993	35.29873275756836
10.234	2.732740640640259	36.356834411621094
10.236	3.3226735591888428	42.41447448730469
10.238	3.0744998455047607	38.141571044921875
10.24	3.793992042541504	34.948062896728516
10.242	4.351108551025391	40.030845642089844
10.244	6.931344032287598	22.77104949951172
10.246	8.375980377197266	7.749558448791504
10.248	5.373324871063232	5.102643966674805
10.25	2.879626989364624	13.799140930175781
10.252	2.4474594593048096	21.980852127075195
10.254	2.629462480545044	22.069555282592773
10.256	2.9329957962036133	19.56389617919922
10.258	2.7839057445526123	21.07292938232422
10.26	2.662292718887329	22.13174057006836
10.262	2.860722780227661	20.25179672241211
10.264	2.694201946258545	22.475221633911133
10.266	2.750225305557251	22.025779724121094
10.268	2.7472376823425293	21.752389907836914
10.27	2.577047348022461	21.14016342163086
10.272	2.3413476943969727	22.26048469543457
10.274	1.80600905418396	29.06946563720703
10.276	1.2846227884292603	28.85858726501465
10.278	1.239357829093933	34.1427001953125
10.28	1.0637954473495483	38.997947692871094
10.282	0.9897850751876831	40.74085235595703
10.284	0.8161607384681702	47.125732421875
10.286	0.8354784846305847	44.706539154052734
10.288	0.9237371683120728	45.71609878540039
10.29	1.6963913440704346	35.013973236083984
10.292	2.809906005859375	38.87767028808594
10.294	3.2267801761627197	42.82008361816406
10.296	4.888725280761719	34.408870697021484
10.298	6.40897274017334	14.698615074157715
10.3	5.959390163421631	-5.384095668792725
