children: []
meta:
  creationTime: 1715713562.465446
  dataType: !!python/name:numpy.float64 ''
  defaults: {}
  description: ''
  fieldMap: {freq: 0, mag: 1, phase: 2}
  fieldNames: [freq, mag, phase]
  filename: \\132.166.23.175\room8a-data\FERBO\FB_W10_S4\run2\FBW10S4_204062-children\FBW10S4_204213.txt
  index: 251
  length: 251
  modificationTime: 1715713617.149764
  name: FBW10S4_204213
  tags: ''
parameters: {}
tablefilename: FBW10S4_204213.txt
version: '1.0'
#end of header
freq	mag	phase
9.8	3.9214165210723877	29.46226692199707
9.802	2.948038101196289	30.079187393188477
9.804	3.0137789249420166	28.687488555908203
9.806	2.928274631500244	28.94048500061035
9.808	2.953444719314575	30.50442123413086
9.81	2.916802167892456	27.71518898010254
9.812	2.6467504501342773	27.132930755615234
9.814	2.6043832302093506	25.309925079345703
9.816	2.6774678230285645	25.923471450805664
9.818	2.6834800243377686	26.11305809020996
9.82	2.555290937423706	26.197345733642578
9.822	2.6522433757781982	26.58088493347168
9.824	2.696986436843872	26.940959930419922
9.826	2.6244494915008545	26.02121353149414
9.828	2.749852180480957	25.745548248291016
9.83	2.6736392974853516	26.937448501586914
9.832	2.7626516819000244	27.32014274597168
9.834	2.7832818031311035	26.781700134277344
9.836	2.8221216201782227	28.633892059326172
9.838	3.2523257732391357	31.64909553527832
9.84	3.594111442565918	32.098876953125
9.842	3.8622355461120605	35.45397186279297
9.844	4.110313892364502	37.416954040527344
9.846	4.4510297775268555	41.73155975341797
9.848	4.960386753082275	41.135562896728516
9.85	5.154507637023926	42.06987380981445
9.852	4.798027515411377	27.449031829833984
9.854	3.922205686569214	26.029247283935547
9.856	2.969651460647583	22.07326316833496
9.858	2.5307106971740723	21.758480072021484
9.86	2.3463809490203857	28.218143463134766
9.862	2.591158866882324	27.94840431213379
9.864	2.858694314956665	29.465532302856445
9.866	2.8172943592071533	29.2026309967041
9.868	2.553262233734131	26.998323440551758
9.87	2.568955183029175	27.198732376098633
9.872	2.7071266174316406	28.653886795043945
9.874	2.774940252304077	28.714235305786133
9.876	2.8403735160827637	24.784961700439453
9.878	2.6802077293395996	29.483320236206055
9.88	2.952557325363159	27.69230079650879
9.882	2.9281208515167236	29.677366256713867
9.884	2.990201234817505	28.225305557250977
9.886	2.9208507537841797	29.676513671875
9.888	2.8414857387542725	29.583112716674805
9.89	2.897979736328125	29.25977897644043
9.892	2.836655616760254	30.379165649414062
9.894	2.825899124145508	30.726558685302734
9.896	2.9599363803863525	31.037059783935547
9.898	3.0319294929504395	29.047622680664062
9.9	3.048426628112793	28.386560440063477
9.902	3.177506446838379	29.09290313720703
9.904	3.334427833557129	27.244068145751953
9.906	3.3184163570404053	26.775087356567383
9.908	3.221855640411377	25.615983963012695
9.91	2.9664385318756104	26.359825134277344
9.912	2.8753931522369385	27.08955192565918
9.914	2.8989343643188477	30.07693862915039
9.916	2.9870657920837402	29.44843864440918
9.918	2.870490312576294	29.504657745361328
9.92	2.975083112716675	28.136316299438477
9.922	2.938281774520874	27.259790420532227
9.924	2.7969844341278076	28.41766929626465
9.926	2.945169687271118	28.212188720703125
9.928	2.9132208824157715	29.03530502319336
9.93	3.248199462890625	29.92730712890625
9.932	3.2788236141204834	28.26769256591797
9.934	3.6081247329711914	34.55746078491211
9.936	3.6733388900756836	37.69120407104492
9.938	3.3420357704162598	34.997589111328125
9.94	2.977903127670288	36.15705108642578
9.942	3.105273485183716	32.73204803466797
9.944	3.1796505451202393	34.396305084228516
9.946	3.112635612487793	31.263879776000977
9.948	3.034496545791626	31.329429626464844
9.95	2.906620740890503	30.240047454833984
9.952	3.021371364593506	30.70838737487793
9.954	3.080075979232788	29.366674423217773
9.956	3.0320138931274414	29.758563995361328
9.958	3.0259108543395996	27.153108596801758
9.96	2.8195137977600098	29.785385131835938
9.962	2.9473342895507812	26.331327438354492
9.964	2.7896783351898193	29.30849266052246
9.966	2.9212114810943604	30.769554138183594
9.968	2.962224006652832	30.29214859008789
9.97	2.9154369831085205	30.747913360595703
9.972	2.6982460021972656	27.145015716552734
9.974	2.5682175159454346	27.211238861083984
9.976	2.668114185333252	35.20256805419922
9.978	3.014770746231079	32.2501335144043
9.98	2.888241767883301	29.60023307800293
9.982	2.995173215866089	31.680469512939453
9.984	3.7128047943115234	32.34669494628906
9.986	4.76614236831665	40.053958892822266
9.988	6.110821723937988	69.98886108398438
9.99	5.54311466217041	72.72215270996094
9.992	3.595745801925659	67.50192260742188
9.994	2.7871923446655273	60.193172454833984
9.996	2.6862752437591553	39.200157165527344
9.998	2.803586006164551	39.00341796875
10.0	2.914116621017456	35.493160247802734
10.002	3.0567383766174316	36.80155944824219
10.004	2.9788248538970947	27.248029708862305
10.006	2.8081095218658447	30.205039978027344
10.008	2.9994394779205322	28.68247413635254
10.01	3.034543991088867	30.066591262817383
10.012	3.0299456119537354	27.35597038269043
10.014	2.869718313217163	27.934326171875
10.016	2.4682390689849854	29.854108810424805
10.018	2.4684646129608154	29.160634994506836
10.02	2.328078031539917	23.712406158447266
10.022	2.425076723098755	26.376888275146484
10.024	2.562908172607422	26.821744918823242
10.026	2.3942441940307617	28.766742706298828
10.028	2.684985399246216	30.84164810180664
10.03	2.916173219680786	27.941808700561523
10.032	3.102215051651001	29.703901290893555
10.034	3.109656572341919	28.81985092163086
10.036	3.6730973720550537	25.847301483154297
10.038	4.546054363250732	37.232582092285156
10.04	5.581730365753174	52.48429870605469
10.042	5.611783504486084	48.422943115234375
10.044	4.41790771484375	46.74146270751953
10.046	4.170698165893555	49.193607330322266
10.048	4.129075050354004	49.54039001464844
10.05	4.509222030639648	43.64751434326172
10.052	4.0137176513671875	40.64024353027344
10.054	4.004918575286865	37.378849029541016
10.056	3.8541336059570312	37.2784423828125
10.058	3.739168882369995	34.85960388183594
10.06	3.4063310623168945	36.18993377685547
10.062	3.0902819633483887	32.12155532836914
10.064	3.0852303504943848	30.083913803100586
10.066	2.848268508911133	33.94248580932617
10.068	3.0478882789611816	31.725801467895508
10.07	2.9171953201293945	30.322566986083984
10.072	2.8810691833496094	29.14004898071289
10.074	2.754685640335083	32.4669075012207
10.076	2.959019660949707	33.109195709228516
10.078	3.013607978820801	30.364974975585938
10.08	3.0493898391723633	31.39006996154785
10.082	3.183816909790039	36.83662796020508
10.084	3.1221930980682373	39.01935958862305
10.086	3.189732313156128	51.01072692871094
10.088	2.6550581455230713	54.90915298461914
10.09	2.2086637020111084	56.47395324707031
10.092	2.097214460372925	56.44788360595703
10.094	2.3013033866882324	55.08546447753906
10.096	2.48722505569458	49.206783294677734
10.098	3.308943271636963	42.04302978515625
10.1	3.6574296951293945	38.179847717285156
10.102	3.7441091537475586	29.26176643371582
10.104	3.5564417839050293	27.391231536865234
10.106	3.111765146255493	26.639570236206055
10.108	3.03995680809021	24.357357025146484
10.11	2.8692822456359863	28.440818786621094
10.112	2.8348805904388428	26.489850997924805
10.114	2.4208667278289795	21.412654876708984
10.116	2.130199432373047	21.925622940063477
10.118	1.7737295627593994	20.272085189819336
10.12	1.5772420167922974	24.239505767822266
10.122	2.222393751144409	24.65083885192871
10.124	2.4423422813415527	26.106603622436523
10.126	2.487445831298828	20.936798095703125
10.128	2.404649257659912	25.179988861083984
10.13	2.8024046421051025	26.563875198364258
10.132	3.0548171997070312	27.34232521057129
10.134	3.395580530166626	39.52914810180664
10.136	2.9872961044311523	40.07186508178711
10.138	2.308258056640625	45.54457092285156
10.14	1.8170987367630005	46.95365524291992
10.142	1.328596591949463	52.766944885253906
10.144	1.659006118774414	52.07620620727539
10.146	2.306318998336792	51.47007369995117
10.148	3.3118209838867188	36.2921142578125
10.15	3.7324535846710205	24.045536041259766
10.152	2.9781222343444824	28.02264404296875
10.154	2.7942326068878174	27.930435180664062
10.156	2.9906997680664062	24.816694259643555
10.158	2.6190786361694336	24.208999633789062
10.16	2.621326208114624	28.45269203186035
10.162	2.975100040435791	36.75990295410156
10.164	3.575336217880249	39.12937545776367
10.166	4.181046485900879	45.07548522949219
10.168	4.729062557220459	42.969913482666016
10.17	4.545037269592285	42.39665222167969
10.172	4.464134693145752	45.493770599365234
10.174	4.920828342437744	47.99227523803711
10.176	5.456170558929443	48.26201248168945
10.178	5.689359664916992	49.983882904052734
10.18	5.9421515464782715	49.148921966552734
10.182	5.212543487548828	48.28858947753906
10.184	5.258177757263184	41.53398513793945
10.186	4.186446666717529	47.34978103637695
10.188	4.569978713989258	48.77323913574219
10.19	5.638697624206543	54.65443420410156
10.192	6.176280975341797	52.993656158447266
10.194	6.102805137634277	50.169166564941406
10.196	6.27791690826416	45.697662353515625
10.198	5.746851444244385	38.334163665771484
10.2	4.772262096405029	38.94371795654297
10.202	4.585972785949707	43.604591369628906
10.204	4.494119644165039	43.354793548583984
10.206	4.02577018737793	42.834590911865234
10.208	3.519946336746216	40.79914474487305
10.21	3.4371790885925293	34.914302825927734
10.212	3.2213306427001953	35.395751953125
10.214	3.1069774627685547	41.6688346862793
10.216	3.638504981994629	43.7913932800293
10.218	3.5846359729766846	44.244266510009766
10.22	3.88140606880188	41.7205810546875
10.222	3.6324446201324463	41.657493591308594
10.224	3.7450268268585205	40.44927978515625
10.226	3.6751089096069336	41.30396270751953
10.228	3.8085434436798096	39.549320220947266
10.23	3.5877809524536133	41.38435363769531
10.232	3.575521230697632	47.208152770996094
10.234	3.681443452835083	49.86276626586914
10.236	3.7559847831726074	52.22604751586914
10.238	4.18686056137085	49.48635482788086
10.24	4.466350555419922	43.0772819519043
10.242	4.685868740081787	44.48860168457031
10.244	7.193367004394531	35.120906829833984
10.246	8.867258071899414	25.995222091674805
10.248	5.466099739074707	22.233089447021484
10.25	3.7341957092285156	30.56944465637207
10.252	3.3049211502075195	35.69872283935547
10.254	3.2885820865631104	36.20092010498047
10.256	3.1839215755462646	32.2464485168457
10.258	3.076496124267578	32.001182556152344
10.26	3.0297110080718994	31.438140869140625
10.262	3.071075677871704	29.36559295654297
10.264	2.982335329055786	31.79618263244629
10.266	3.092132091522217	32.98236083984375
10.268	3.1778624057769775	34.60960388183594
10.27	3.1608917713165283	36.264034271240234
10.272	2.927687644958496	37.36656951904297
10.274	2.6586008071899414	40.205833435058594
10.276	2.1378538608551025	42.82017135620117
10.278	1.8652313947677612	44.42226791381836
10.28	2.150184392929077	46.29258346557617
10.282	1.9746147394180298	48.16926193237305
10.284	1.768654704093933	56.009578704833984
10.286	1.5805509090423584	58.02705383300781
10.288	1.995104193687439	60.198509216308594
10.29	2.9497218132019043	49.19535827636719
10.292	3.962736129760742	54.65708923339844
10.294	4.655198097229004	60.086490631103516
10.296	5.529635429382324	51.535884857177734
10.298	6.771325588226318	21.05232810974121
10.3	7.073910713195801	16.087369918823242
