children: []
meta:
  creationTime: 1715706588.8233597
  dataType: !!python/name:numpy.float64 ''
  defaults: {}
  description: ''
  fieldMap: {freq: 0, mag: 1, phase: 2}
  fieldNames: [freq, mag, phase]
  filename: \\132.166.23.175\room8a-data\FERBO\FB_W10_S4\run2\FBW10S4_204062-children\FBW10S4_204085.txt
  index: 251
  length: 251
  modificationTime: 1715706642.7012794
  name: FBW10S4_204085
  tags: ''
parameters: {}
tablefilename: FBW10S4_204085.txt
version: '1.0'
#end of header
freq	mag	phase
9.8	3.2161953449249268	29.23587417602539
9.802	3.318265676498413	24.256145477294922
9.804	3.038886070251465	26.653324127197266
9.806	2.968454599380493	25.56818962097168
9.808	2.974224328994751	23.83131980895996
9.81	2.999547243118286	22.18520164489746
9.812	2.554983377456665	21.70016860961914
9.814	2.639986753463745	25.70194435119629
9.816	2.785562753677368	26.914411544799805
9.818	2.894157648086548	23.052419662475586
9.82	2.9804747104644775	25.285552978515625
9.822	2.895827054977417	23.81399917602539
9.824	3.036144495010376	24.663841247558594
9.826	3.1694388389587402	24.939712524414062
9.828	3.010464668273926	26.078113555908203
9.83	2.7911734580993652	26.226696014404297
9.832	3.028795003890991	26.32626724243164
9.834	3.12996768951416	27.52102279663086
9.836	3.125189781188965	27.174144744873047
9.838	3.317563056945801	26.42239761352539
9.84	3.6605300903320312	32.033199310302734
9.842	4.00394344329834	36.08672332763672
9.844	4.082284450531006	39.26619338989258
9.846	4.267640113830566	40.10234069824219
9.848	4.495042324066162	39.68995666503906
9.85	4.636551380157471	32.76350402832031
9.852	4.152459621429443	29.072830200195312
9.854	3.662221670150757	23.38191032409668
9.856	3.0038387775421143	23.591285705566406
9.858	2.430589199066162	22.831506729125977
9.86	2.257396697998047	24.890003204345703
9.862	2.708838939666748	25.96773338317871
9.864	2.8117990493774414	23.519718170166016
9.866	2.80369234085083	23.4615478515625
9.868	2.5841782093048096	21.418212890625
9.87	2.398818016052246	22.26133918762207
9.872	2.9031291007995605	19.827064514160156
9.874	2.8948681354522705	20.252119064331055
9.876	3.0037989616394043	20.547443389892578
9.878	2.809274673461914	22.13397789001465
9.88	2.9713332653045654	25.670808792114258
9.882	3.0226142406463623	24.76836585998535
9.884	3.1175782680511475	24.500158309936523
9.886	3.0313401222229004	23.51103401184082
9.888	3.018965005874634	22.957265853881836
9.89	2.792766809463501	21.81977653503418
9.892	2.9678757190704346	26.955692291259766
9.894	2.96578311920166	23.8297061920166
9.896	2.9859001636505127	26.91684913635254
9.898	3.178942918777466	25.834423065185547
9.9	3.129162073135376	23.936918258666992
9.902	3.1550722122192383	26.052621841430664
9.904	3.424088954925537	21.754114151000977
9.906	3.2482101917266846	20.693008422851562
9.908	3.2241530418395996	17.679981231689453
9.91	2.9626169204711914	20.487049102783203
9.912	2.909501552581787	22.70210075378418
9.914	2.9755029678344727	21.731876373291016
9.916	2.9841105937957764	23.08200454711914
9.918	2.9995501041412354	25.39342498779297
9.92	2.9317445755004883	20.892969131469727
9.922	2.844341993331909	22.909265518188477
9.924	2.85364031791687	20.713415145874023
9.926	2.823618173599243	21.546812057495117
9.928	3.0054757595062256	21.403423309326172
9.93	3.030325174331665	23.300203323364258
9.932	3.470191717147827	24.786334991455078
9.934	3.6735734939575195	29.82576560974121
9.936	3.4230127334594727	30.423513412475586
9.938	2.9901256561279297	30.445114135742188
9.94	2.706876516342163	29.35959243774414
9.942	2.758384943008423	27.14643096923828
9.944	2.9775009155273438	23.586997985839844
9.946	3.0093486309051514	25.947721481323242
9.948	3.18239688873291	24.3509521484375
9.95	3.056241750717163	26.1294002532959
9.952	2.9509799480438232	23.14291000366211
9.954	3.0331826210021973	21.811920166015625
9.956	3.11151385307312	25.372886657714844
9.958	3.0029232501983643	21.37079429626465
9.96	2.9032182693481445	23.588891983032227
9.962	2.864785671234131	20.42667007446289
9.964	2.754077196121216	23.301267623901367
9.966	2.921267032623291	23.492023468017578
9.968	2.9740238189697266	23.52010154724121
9.97	2.8939244747161865	22.930034637451172
9.972	2.672297477722168	24.935462951660156
9.974	2.5637893676757812	24.44919204711914
9.976	2.773705244064331	24.344907760620117
9.978	2.902667999267578	22.25726318359375
9.98	2.8237428665161133	26.057392120361328
9.982	2.9288077354431152	21.850791931152344
9.984	3.1112849712371826	24.01383399963379
9.986	4.395389080047607	29.752519607543945
9.988	5.5860443115234375	47.23234176635742
9.99	3.9728195667266846	62.770729064941406
9.992	2.654179096221924	55.471649169921875
9.994	1.6844990253448486	47.234031677246094
9.996	1.9325447082519531	38.94716262817383
9.998	2.7635605335235596	32.61744689941406
10.0	2.9358863830566406	32.91508102416992
10.002	3.219708204269409	37.251243591308594
10.004	3.795407772064209	36.60005187988281
10.006	3.816749334335327	37.17151641845703
10.008	3.5002925395965576	36.79878616333008
10.01	3.575631618499756	33.89667510986328
10.012	3.020035743713379	27.745803833007812
10.014	2.868727207183838	28.093719482421875
10.016	2.55159854888916	25.140213012695312
10.018	2.3068039417266846	23.491212844848633
10.02	2.245699405670166	22.853349685668945
10.022	1.782401442527771	22.814908981323242
10.024	2.4435386657714844	21.694067001342773
10.026	2.2197561264038086	22.271434783935547
10.028	2.576756000518799	23.48562240600586
10.03	2.794445276260376	24.99828338623047
10.032	2.749431848526001	20.352657318115234
10.034	2.819409132003784	22.234012603759766
10.036	3.363110303878784	19.09728240966797
10.038	4.0487751960754395	25.746078491210938
10.04	4.908604145050049	36.00273895263672
10.042	4.328457832336426	35.698333740234375
10.044	3.5925588607788086	33.23939514160156
10.046	3.144029140472412	29.122798919677734
10.048	3.0088512897491455	33.4899787902832
10.05	3.2547473907470703	30.41037940979004
10.052	3.379572629928589	29.338773727416992
10.054	3.265655755996704	28.237756729125977
10.056	3.3282570838928223	25.165170669555664
10.058	3.24334716796875	23.53868293762207
10.06	3.0271706581115723	25.04214859008789
10.062	2.917902708053589	27.137197494506836
10.064	3.111375331878662	24.274282455444336
10.066	3.121082067489624	23.986717224121094
10.068	2.7572574615478516	24.841400146484375
10.07	2.8725600242614746	26.5028076171875
10.072	2.926223039627075	24.22459602355957
10.074	2.9230659008026123	27.28493881225586
10.076	3.0362062454223633	27.136438369750977
10.078	3.093634843826294	25.76071548461914
10.08	2.988449811935425	29.79758071899414
10.082	2.9743199348449707	31.884122848510742
10.084	2.8761937618255615	29.314680099487305
10.086	2.7649052143096924	42.306365966796875
10.088	1.9952986240386963	47.776676177978516
10.09	1.3592864274978638	48.904884338378906
10.092	0.9400300979614258	45.23996353149414
10.094	1.0391714572906494	48.03153991699219
10.096	1.4874236583709717	44.09548568725586
10.098	2.7209901809692383	39.40211868286133
10.1	3.0728509426116943	30.229211807250977
10.102	3.5892906188964844	21.111141204833984
10.104	3.274902105331421	25.64104461669922
10.106	3.223139524459839	25.42146110534668
10.108	2.941661834716797	23.399690628051758
10.11	2.8824586868286133	25.43199920654297
10.112	2.801459789276123	21.661907196044922
10.114	2.7305092811584473	25.158231735229492
10.116	2.2419447898864746	21.785154342651367
10.118	1.7810724973678589	21.864748001098633
10.12	1.9718701839447021	27.879236221313477
10.122	2.365487575531006	26.289751052856445
10.124	2.754399299621582	27.67913246154785
10.126	2.8473000526428223	26.202817916870117
10.128	2.6864640712738037	25.220945358276367
10.13	2.9234519004821777	27.354219436645508
10.132	3.014131546020508	29.90938377380371
10.134	3.05617094039917	35.26020812988281
10.136	2.5790891647338867	41.048004150390625
10.138	1.9729127883911133	44.08489227294922
10.14	1.4479706287384033	50.99088668823242
10.142	0.7002041339874268	49.333457946777344
10.144	1.5701251029968262	53.945220947265625
10.146	1.971050500869751	49.96169662475586
10.148	2.8413875102996826	36.957820892333984
10.15	3.775550127029419	29.587587356567383
10.152	3.2957937717437744	30.480539321899414
10.154	3.4963274002075195	33.6002311706543
10.156	3.571023464202881	31.444313049316406
10.158	3.413536548614502	33.2055549621582
10.16	3.3792264461517334	37.26376724243164
10.162	4.188806056976318	45.09150314331055
10.164	4.480607032775879	47.93440628051758
10.166	4.925353527069092	47.519927978515625
10.168	5.386053562164307	49.84413528442383
10.17	5.447516918182373	48.62815856933594
10.172	5.509812831878662	50.6634407043457
10.174	5.711665153503418	50.36132049560547
10.176	5.833125591278076	51.76810836791992
10.178	6.0479350090026855	51.927391052246094
10.18	5.844759464263916	52.60341262817383
10.182	5.936328887939453	49.04722213745117
10.184	5.298146724700928	44.376426696777344
10.186	4.429991245269775	45.465736389160156
10.188	4.056537628173828	49.161380767822266
10.19	4.784924030303955	51.790164947509766
10.192	5.619631767272949	52.02120590209961
10.194	5.904969215393066	49.923152923583984
10.196	6.027825832366943	38.59638977050781
10.198	5.536174774169922	27.220853805541992
10.2	3.740125894546509	36.272342681884766
10.202	3.9027955532073975	42.11915588378906
10.204	4.165771484375	43.502891540527344
10.206	3.8958771228790283	35.32992935180664
10.208	2.9723944664001465	30.866260528564453
10.21	3.050558567047119	25.89992332458496
10.212	2.997319459915161	24.428380966186523
10.214	2.8153083324432373	25.404245376586914
10.216	2.650811195373535	25.83866310119629
10.218	2.6059250831604004	28.094335556030273
10.22	2.675046443939209	26.553205490112305
10.222	2.820631980895996	27.48160171508789
10.224	2.9382152557373047	27.32391357421875
10.226	2.993220329284668	26.185884475708008
10.228	2.9689137935638428	27.545284271240234
10.23	3.029773235321045	26.878740310668945
10.232	2.652512788772583	33.3737907409668
10.234	2.397653102874756	32.769405364990234
10.236	2.8411200046539307	40.43423843383789
10.238	2.7894418239593506	37.82776641845703
10.24	3.435626745223999	36.79878234863281
10.242	3.932537317276001	41.747230529785156
10.244	6.226600170135498	27.812511444091797
10.246	7.85734748840332	11.954355239868164
10.248	5.31725549697876	5.750549793243408
10.25	3.0086400508880615	14.079699516296387
10.252	2.5333333015441895	22.23438262939453
10.254	2.7133777141571045	23.31569480895996
10.256	3.006533145904541	21.129899978637695
10.258	2.9033219814300537	20.84483528137207
10.26	2.8627796173095703	24.272350311279297
10.262	2.909559488296509	25.634756088256836
10.264	2.959775924682617	22.39263916015625
10.266	2.8374884128570557	23.58391571044922
10.268	2.949484348297119	24.85960578918457
10.27	2.789931535720825	26.453880310058594
10.272	2.6872971057891846	27.547603607177734
10.274	1.9700959920883179	33.86323928833008
10.276	1.6166378259658813	34.670989990234375
10.278	1.436410665512085	35.3530158996582
10.28	1.2573771476745605	37.598270416259766
10.282	1.2243582010269165	43.35930633544922
10.284	0.9774930477142334	42.226280212402344
10.286	0.810988187789917	47.34091567993164
10.288	0.45422592759132385	42.52060317993164
10.29	1.703812599182129	32.49960708618164
10.292	2.7589597702026367	37.17128372192383
10.294	3.2211740016937256	50.179161071777344
10.296	4.124441146850586	41.73765182495117
10.298	5.6149396896362305	15.475388526916504
10.3	6.620642185211182	7.0901384353637695
