children: []
meta:
  creationTime: 1715717973.9946005
  dataType: !!python/name:numpy.float64 ''
  defaults: {}
  description: ''
  fieldMap: {freq: 0, mag: 1, phase: 2}
  fieldNames: [freq, mag, phase]
  filename: \\132.166.23.175\room8a-data\FERBO\FB_W10_S4\run2\FBW10S4_204062-children\FBW10S4_204293.txt
  index: 251
  length: 251
  modificationTime: 1715718029.4186378
  name: FBW10S4_204293
  tags: ''
parameters: {}
tablefilename: FBW10S4_204293.txt
version: '1.0'
#end of header
freq	mag	phase
9.8	3.4072539806365967	25.620344161987305
9.802	3.0027294158935547	26.526174545288086
9.804	2.873851776123047	27.16124725341797
9.806	2.876635789871216	24.139652252197266
9.808	2.862795114517212	26.367002487182617
9.81	2.8989381790161133	28.62636375427246
9.812	2.694309949874878	28.800230026245117
9.814	2.8162765502929688	25.679990768432617
9.816	2.739347219467163	25.259675979614258
9.818	2.752095937728882	26.76706314086914
9.82	2.735076427459717	25.24092674255371
9.822	2.851854085922241	28.107187271118164
9.824	2.9521470069885254	27.866756439208984
9.826	2.966958999633789	26.843547821044922
9.828	2.9879798889160156	25.39200782775879
9.83	3.089404344558716	27.14059829711914
9.832	2.9057109355926514	24.69209098815918
9.834	2.9031968116760254	26.040632247924805
9.836	2.975055694580078	27.922014236450195
9.838	3.149679660797119	26.82814598083496
9.84	3.462977886199951	28.829370498657227
9.842	3.91139817237854	33.54289627075195
9.844	4.162810325622559	38.1536979675293
9.846	4.214836120605469	40.59170150756836
9.848	4.7708659172058105	38.64242172241211
9.85	4.628403186798096	24.58627700805664
9.852	4.007198333740234	27.739538192749023
9.854	3.765639305114746	24.260604858398438
9.856	3.2019052505493164	23.820283889770508
9.858	2.561073064804077	23.68080711364746
9.86	2.3851728439331055	25.48475456237793
9.862	2.68231463432312	25.003284454345703
9.864	2.7481091022491455	24.343427658081055
9.866	2.6621782779693604	28.771224975585938
9.868	2.500347137451172	26.383440017700195
9.87	2.7472915649414062	27.124422073364258
9.872	2.8687973022460938	25.209890365600586
9.874	2.8743374347686768	27.195159912109375
9.876	3.0008275508880615	28.822315216064453
9.878	2.860142707824707	26.57753562927246
9.88	2.822671413421631	28.189489364624023
9.882	2.9673984050750732	28.266435623168945
9.884	2.909856081008911	28.8136043548584
9.886	2.9884233474731445	27.158451080322266
9.888	2.9975779056549072	25.068065643310547
9.89	2.9322235584259033	32.67158508300781
9.892	2.8284428119659424	23.90799331665039
9.894	2.881962537765503	29.02368927001953
9.896	2.9211714267730713	27.39542579650879
9.898	2.9298629760742188	29.399009704589844
9.9	2.891313076019287	22.920114517211914
9.902	3.101196050643921	28.08121681213379
9.904	3.2585489749908447	31.542736053466797
9.906	3.2591006755828857	24.501619338989258
9.908	3.1485681533813477	22.439224243164062
9.91	2.892836332321167	23.618606567382812
9.912	2.8636491298675537	21.2481689453125
9.914	2.864459991455078	26.260324478149414
9.916	2.7964024543762207	24.754093170166016
9.918	2.721482992172241	25.047571182250977
9.92	2.800710916519165	24.65864372253418
9.922	2.7736103534698486	24.39293670654297
9.924	2.7724125385284424	24.055219650268555
9.926	2.7930748462677	24.18899917602539
9.928	2.857994794845581	24.494298934936523
9.93	3.0814766883850098	22.702054977416992
9.932	3.5063278675079346	29.2385311126709
9.934	3.776193857192993	36.171051025390625
9.936	3.856110095977783	36.75893020629883
9.938	3.328423500061035	36.52106857299805
9.94	2.9788501262664795	35.30144500732422
9.942	2.9082329273223877	33.11405563354492
9.944	2.9663572311401367	31.981128692626953
9.946	3.0043623447418213	30.78380584716797
9.948	3.049423933029175	28.902528762817383
9.95	2.990736722946167	28.696847915649414
9.952	2.98146915435791	26.047651290893555
9.954	2.9643285274505615	27.30558204650879
9.956	2.904411554336548	25.157459259033203
9.958	2.984318733215332	28.128007888793945
9.96	2.96372127532959	24.20306968688965
9.962	2.807272434234619	24.91634178161621
9.964	2.7672882080078125	22.4564208984375
9.966	2.7670280933380127	22.369239807128906
9.968	2.8249359130859375	23.81962776184082
9.97	2.7833759784698486	21.979190826416016
9.972	2.606095314025879	25.135080337524414
9.974	2.664027214050293	23.755651473999023
9.976	2.757436513900757	27.437002182006836
9.978	2.876631498336792	29.151113510131836
9.98	2.91921329498291	28.40675926208496
9.982	2.9198508262634277	21.154935836791992
9.984	3.2799072265625	23.714834213256836
9.986	4.0186052322387695	30.489439010620117
9.988	5.414779186248779	57.02197265625
9.99	4.686313152313232	59.1550178527832
9.992	2.6233227252960205	53.94811248779297
9.994	2.0680432319641113	45.786685943603516
9.996	2.269554376602173	38.059837341308594
9.998	2.697237491607666	31.359628677368164
10.0	2.9318323135375977	23.798826217651367
10.002	2.7529098987579346	24.903322219848633
10.004	2.992894411087036	29.338712692260742
10.006	3.0820422172546387	24.668336868286133
10.008	3.11042857170105	25.832958221435547
10.01	3.0475409030914307	22.84072494506836
10.012	2.871706485748291	21.504789352416992
10.014	2.744659423828125	23.324607849121094
10.016	2.4958689212799072	20.834775924682617
10.018	2.3352627754211426	21.925167083740234
10.02	2.1871652603149414	20.250051498413086
10.022	2.044294834136963	24.100143432617188
10.024	2.3851630687713623	21.448070526123047
10.026	2.160209894180298	23.791698455810547
10.028	2.47206711769104	24.81963348388672
10.03	2.697340726852417	22.977828979492188
10.032	2.7461044788360596	20.788177490234375
10.034	2.8684277534484863	25.474308013916016
10.036	3.3160133361816406	21.591798782348633
10.038	4.2095513343811035	29.528961181640625
10.04	5.224979877471924	40.71890640258789
10.042	4.890507221221924	36.62665939331055
10.044	3.7283008098602295	36.52470779418945
10.046	3.421036958694458	35.886661529541016
10.048	3.4412841796875	35.240360260009766
10.05	3.37898850440979	28.498062133789062
10.052	3.302860736846924	28.342370986938477
10.054	3.2023582458496094	25.846542358398438
10.056	3.2342169284820557	26.251157760620117
10.058	3.0330660343170166	23.20881462097168
10.06	2.850534200668335	26.71476173400879
10.062	2.9144294261932373	23.273332595825195
10.064	2.893886089324951	21.98681640625
10.066	2.7570507526397705	22.939563751220703
10.068	2.7982141971588135	23.36739158630371
10.07	2.835007429122925	25.31938934326172
10.072	2.7179248332977295	24.70280647277832
10.074	2.7526493072509766	24.472370147705078
10.076	2.827059507369995	26.394872665405273
10.078	2.8845090866088867	23.996084213256836
10.08	2.8629543781280518	31.354833602905273
10.082	2.9012820720672607	29.799360275268555
10.084	2.8347744941711426	30.77861785888672
10.086	2.842339038848877	39.5475959777832
10.088	1.8502062559127808	49.54972457885742
10.09	1.2310184240341187	47.88399124145508
10.092	1.4064496755599976	48.6463508605957
10.094	1.36204993724823	46.6963005065918
10.096	2.0967581272125244	41.11992263793945
10.098	2.642878293991089	38.4210090637207
10.1	3.2260677814483643	26.014957427978516
10.102	3.6255574226379395	24.35712242126465
10.104	3.313371181488037	22.420957565307617
10.106	3.135782480239868	18.648778915405273
10.108	2.7250514030456543	21.416484832763672
10.11	2.738960027694702	19.689191818237305
10.112	2.708733320236206	22.836578369140625
10.114	2.4490163326263428	17.35635757446289
10.116	2.0125999450683594	16.119251251220703
10.118	1.769848108291626	15.894157409667969
10.12	1.5748382806777954	20.234222412109375
10.122	1.926391363143921	19.68524932861328
10.124	2.252744674682617	21.92471694946289
10.126	2.4766929149627686	20.309450149536133
10.128	2.576443672180176	20.818572998046875
10.13	2.715181589126587	20.30585479736328
10.132	2.900984764099121	22.41457176208496
10.134	3.044848680496216	31.452499389648438
10.136	2.926375150680542	31.7782039642334
10.138	2.037061929702759	43.05668258666992
10.14	1.5540095567703247	45.403385162353516
10.142	0.8967859745025635	47.435115814208984
10.144	1.213978886604309	45.63494110107422
10.146	2.098133087158203	38.779449462890625
10.148	2.7388670444488525	33.43310546875
10.15	3.6413631439208984	19.14240264892578
10.152	2.9737205505371094	19.990081787109375
10.154	2.887037992477417	24.141511917114258
10.156	2.9871249198913574	22.155521392822266
10.158	2.885159492492676	22.767961502075195
10.16	2.634280204772949	25.676515579223633
10.162	2.6863226890563965	29.918338775634766
10.164	2.8945200443267822	32.05080032348633
10.166	3.18670654296875	36.65724563598633
10.168	3.527407646179199	33.50766372680664
10.17	3.3963541984558105	32.9974479675293
10.172	3.3263211250305176	38.805789947509766
10.174	3.8736023902893066	40.6304931640625
10.176	4.531910419464111	47.070804595947266
10.178	4.905786991119385	46.40696716308594
10.18	4.922822952270508	46.819068908691406
10.182	4.784519195556641	46.212154388427734
10.184	4.011087417602539	37.79355239868164
10.186	3.7122559547424316	37.95525360107422
10.188	3.739287853240967	41.70033264160156
10.19	3.927377939224243	43.50815200805664
10.192	4.637250900268555	46.87467575073242
10.194	4.9105658531188965	46.32631301879883
10.196	5.286571979522705	38.41643524169922
10.198	4.937351226806641	32.78165817260742
10.2	4.301999092102051	36.091896057128906
10.202	3.5181796550750732	36.895179748535156
10.204	3.4706640243530273	37.57871627807617
10.206	3.3447859287261963	37.293861389160156
10.208	2.9920661449432373	36.50440979003906
10.21	2.7835445404052734	29.083742141723633
10.212	2.8519320487976074	25.672704696655273
10.214	2.4656779766082764	36.848487854003906
10.216	2.884061098098755	36.084774017333984
10.218	2.760352849960327	31.969295501708984
10.22	2.8269028663635254	35.57695388793945
10.222	2.9226884841918945	27.699045181274414
10.224	2.751044988632202	27.667776107788086
10.226	2.8659064769744873	27.447032928466797
10.228	2.9441967010498047	24.698814392089844
10.23	2.7976112365722656	27.864110946655273
10.232	2.8115851879119873	35.424156188964844
10.234	2.4996285438537598	37.69595718383789
10.236	2.419706106185913	41.684295654296875
10.238	2.9219818115234375	38.086368560791016
10.24	3.753101110458374	35.716434478759766
10.242	4.214735984802246	41.576698303222656
10.244	6.5996994972229	23.49047088623047
10.246	8.381135940551758	10.829925537109375
10.248	5.177083492279053	2.887944221496582
10.25	2.750530481338501	8.831289291381836
10.252	2.4542412757873535	19.449874877929688
10.254	2.485321521759033	20.6845645904541
10.256	2.6790382862091064	18.43768310546875
10.258	2.6223485469818115	19.76752281188965
10.26	2.568889856338501	20.63856315612793
10.262	2.6150522232055664	23.163358688354492
10.264	2.558269500732422	24.96958351135254
10.266	2.604170083999634	26.162094116210938
10.268	2.6886515617370605	24.480527877807617
10.27	2.6627283096313477	29.31515121459961
10.272	2.3649635314941406	31.876434326171875
10.274	1.9479658603668213	33.9431266784668
10.276	1.3450229167938232	40.76319122314453
10.278	1.182867407798767	38.80868911743164
10.28	1.247027039527893	38.52873992919922
10.282	0.9827148914337158	38.261253356933594
10.284	0.7729719281196594	45.60636520385742
10.286	0.5056362748146057	41.71018981933594
10.288	0.6975144147872925	44.55415725708008
10.29	1.413429617881775	39.76408767700195
10.292	2.6706676483154297	35.86573791503906
10.294	3.052769660949707	41.388427734375
10.296	4.800677299499512	39.12251663208008
10.298	6.305671691894531	21.993274688720703
10.3	6.081465721130371	-1.898729681968689
