children: []
meta:
  creationTime: 1715714273.7472634
  dataType: !!python/name:numpy.float64 ''
  defaults: {}
  description: ''
  fieldMap: {freq: 0, mag: 1, phase: 2}
  fieldNames: [freq, mag, phase]
  filename: \\132.166.23.175\room8a-data\FERBO\FB_W10_S4\run2\FBW10S4_204062-children\FBW10S4_204226.txt
  index: 251
  length: 251
  modificationTime: 1715714328.3732984
  name: FBW10S4_204226
  tags: ''
parameters: {}
tablefilename: FBW10S4_204226.txt
version: '1.0'
#end of header
freq	mag	phase
9.8	4.0373311042785645	32.95583724975586
9.802	3.2952585220336914	33.30099868774414
9.804	3.399611473083496	32.68416213989258
9.806	3.1691930294036865	34.43474197387695
9.808	3.3366811275482178	32.821250915527344
9.81	3.1381821632385254	31.07661247253418
9.812	3.0128557682037354	32.81148147583008
9.814	2.887824058532715	32.74409103393555
9.816	3.1105637550354004	31.764673233032227
9.818	3.150388240814209	31.912187576293945
9.82	3.091304063796997	34.9420166015625
9.822	3.1305184364318848	34.86894226074219
9.824	3.300880193710327	36.397178649902344
9.826	3.4337689876556396	36.80630874633789
9.828	3.258819818496704	32.420066833496094
9.83	3.13613224029541	33.329830169677734
9.832	3.241380453109741	33.3135986328125
9.834	3.1830620765686035	36.36035919189453
9.836	3.1631083488464355	30.55181884765625
9.838	3.1664929389953613	36.838340759277344
9.84	3.8884737491607666	34.527381896972656
9.842	4.286401748657227	38.527549743652344
9.844	4.5555596351623535	42.44090270996094
9.846	4.734781265258789	46.76411437988281
9.848	5.299607276916504	42.9122428894043
9.85	5.390027046203613	46.9488525390625
9.852	5.38151216506958	30.617469787597656
9.854	4.124599456787109	30.364330291748047
9.856	3.3870458602905273	29.083354949951172
9.858	2.8732564449310303	30.84738540649414
9.86	2.872805595397949	30.934520721435547
9.862	2.907033681869507	31.74941635131836
9.864	3.0754501819610596	31.5660400390625
9.866	2.9779391288757324	31.97024154663086
9.868	2.6461899280548096	26.44804573059082
9.87	2.556009531021118	31.404550552368164
9.872	2.7520041465759277	28.437166213989258
9.874	2.845304250717163	29.08770179748535
9.876	2.8280344009399414	27.35370635986328
9.878	2.8014864921569824	31.50948715209961
9.88	3.37488055229187	36.119964599609375
9.882	3.445260763168335	33.28231430053711
9.884	3.221662998199463	33.205081939697266
9.886	3.2368323802948	35.14567565917969
9.888	3.228563070297241	33.63813781738281
9.89	3.1852543354034424	35.2816162109375
9.892	3.549208402633667	38.361656188964844
9.894	3.360733985900879	39.391563415527344
9.896	3.408005952835083	37.477195739746094
9.898	3.4875922203063965	34.921321868896484
9.9	3.3555119037628174	35.34465789794922
9.902	3.528461217880249	34.601871490478516
9.904	3.7043745517730713	33.356849670410156
9.906	3.563164472579956	34.664730072021484
9.908	3.4832863807678223	31.067115783691406
9.91	3.314572334289551	31.579635620117188
9.912	2.98232102394104	30.216753005981445
9.914	3.0400307178497314	32.52894592285156
9.916	3.1441092491149902	31.692333221435547
9.918	3.090745687484741	32.989959716796875
9.92	3.0748374462127686	32.66521072387695
9.922	3.1362857818603516	32.62974548339844
9.924	3.2179555892944336	31.664514541625977
9.926	3.1519198417663574	33.18465805053711
9.928	3.088641881942749	33.240684509277344
9.93	3.365010976791382	31.426523208618164
9.932	3.6779370307922363	34.825801849365234
9.934	4.164263725280762	42.3598518371582
9.936	4.276066303253174	41.78472137451172
9.938	3.5399279594421387	39.29951095581055
9.94	3.3035802841186523	41.190208435058594
9.942	3.1960482597351074	34.85152816772461
9.944	3.1772923469543457	33.82235336303711
9.946	3.1839773654937744	35.161930084228516
9.948	3.2885689735412598	34.39634704589844
9.95	3.3053364753723145	31.53371238708496
9.952	3.0915889739990234	30.981454849243164
9.954	3.2413270473480225	31.593257904052734
9.956	3.1809260845184326	32.81886291503906
9.958	3.340519905090332	34.358280181884766
9.96	3.2799320220947266	35.2610969543457
9.962	3.354703903198242	33.71626281738281
9.964	3.118987798690796	34.9561882019043
9.966	3.1769659519195557	34.32303237915039
9.968	3.233018636703491	35.766273498535156
9.97	3.4304797649383545	36.0737419128418
9.972	3.1599833965301514	35.18965530395508
9.974	3.257296085357666	37.01451110839844
9.976	3.291450262069702	34.310752868652344
9.978	3.386680841445923	33.420166015625
9.98	3.160792112350464	30.424238204956055
9.982	2.8654675483703613	23.459678649902344
9.984	2.9886932373046875	26.393930435180664
9.986	4.6192145347595215	43.39234924316406
9.988	6.154470920562744	61.502437591552734
9.99	4.855144023895264	70.15081787109375
9.992	3.290443181991577	64.57133483886719
9.994	2.6030759811401367	53.50284957885742
9.996	2.9051156044006348	42.73579025268555
9.998	3.200739622116089	37.91616439819336
10.0	3.171671152114868	36.17790222167969
10.002	3.3507251739501953	35.077571868896484
10.004	3.248173713684082	33.5389404296875
10.006	3.2377257347106934	35.309669494628906
10.008	3.410233974456787	34.83721923828125
10.01	3.3784918785095215	32.77207946777344
10.012	3.211642265319824	31.439380645751953
10.014	3.055971384048462	31.747310638427734
10.016	2.565943479537964	30.343278884887695
10.018	2.6061856746673584	29.84939193725586
10.02	2.5102932453155518	25.097293853759766
10.022	2.209378480911255	29.325721740722656
10.024	2.8492817878723145	28.893939971923828
10.026	2.4455161094665527	31.578996658325195
10.028	2.7606213092803955	31.88485336303711
10.03	2.9508864879608154	29.5643367767334
10.032	3.0761501789093018	30.76896095275879
10.034	3.193726062774658	32.29294204711914
10.036	3.791896104812622	28.47195053100586
10.038	4.600761890411377	37.490623474121094
10.04	5.962835788726807	51.66426086425781
10.042	5.555456161499023	47.696075439453125
10.044	4.390618324279785	43.86397171020508
10.046	3.9555015563964844	43.81215286254883
10.048	3.9531562328338623	41.33467483520508
10.05	3.7026467323303223	38.934818267822266
10.052	3.876600742340088	37.08559799194336
10.054	3.7882566452026367	33.798526763916016
10.056	3.620152711868286	30.759716033935547
10.058	3.2793407440185547	29.870492935180664
10.06	3.096240282058716	30.219390869140625
10.062	2.7422430515289307	24.763935089111328
10.064	2.634185314178467	28.50937843322754
10.066	2.6317596435546875	31.985782623291016
10.068	2.9793896675109863	33.6973762512207
10.07	3.3452272415161133	39.226219177246094
10.072	3.661595106124878	37.35939407348633
10.074	3.700915575027466	37.76040267944336
10.076	3.436445713043213	35.14643096923828
10.078	3.345393180847168	35.21004867553711
10.08	3.2230753898620605	36.45155334472656
10.082	3.261146068572998	41.96654510498047
10.084	3.4084348678588867	39.787811279296875
10.086	2.827836751937866	52.86000442504883
10.088	2.608365535736084	56.8411979675293
10.09	2.0579700469970703	60.942081451416016
10.092	2.157858371734619	60.10791778564453
10.094	2.4748950004577637	58.60764694213867
10.096	2.7090907096862793	55.29886245727539
10.098	3.4568264484405518	47.577232360839844
10.1	3.91928768157959	42.8828010559082
10.102	4.128361225128174	32.39936065673828
10.104	3.9036784172058105	32.583011627197266
10.106	3.6637303829193115	29.54014778137207
10.108	3.4031355381011963	27.06329345703125
10.11	2.926846504211426	30.21567726135254
10.112	2.9825501441955566	25.910442352294922
10.114	2.7175490856170654	25.39334487915039
10.116	2.496419906616211	27.184566497802734
10.118	2.3600656986236572	25.961599349975586
10.12	2.615262985229492	28.84218406677246
10.122	2.63653826713562	29.36663055419922
10.124	2.789051055908203	29.600461959838867
10.126	2.9707794189453125	30.5822811126709
10.128	3.188748359680176	31.660898208618164
10.13	3.413541793823242	32.96452331542969
10.132	3.8953025341033936	37.76792907714844
10.134	4.190122127532959	43.290504455566406
10.136	3.83709979057312	49.69415283203125
10.138	3.0380961894989014	53.520957946777344
10.14	2.2670741081237793	53.227779388427734
10.142	1.4741785526275635	53.998512268066406
10.144	1.6145159006118774	51.78968811035156
10.146	2.574857234954834	49.95069122314453
10.148	3.2482645511627197	40.09000778198242
10.15	3.702188730239868	24.816598892211914
10.152	3.0614311695098877	25.82134437561035
10.154	2.8578386306762695	24.427078247070312
10.156	2.9426651000976562	25.24785804748535
10.158	2.771085262298584	24.790729522705078
10.16	2.74222731590271	30.128381729125977
10.162	3.173905611038208	37.39311981201172
10.164	3.5587761402130127	40.23147201538086
10.166	3.9459927082061768	43.31067657470703
10.168	4.193509101867676	42.98087692260742
10.17	4.139806270599365	42.684661865234375
10.172	4.110313415527344	43.19652557373047
10.174	4.284080982208252	46.02545928955078
10.176	4.646353244781494	46.19608688354492
10.178	4.94118595123291	48.32070541381836
10.18	5.093493461608887	47.6513671875
10.182	4.639237880706787	44.839717864990234
10.184	4.514007568359375	42.58861541748047
10.186	4.4655442237854	45.05370330810547
10.188	4.216135501861572	46.088623046875
10.19	4.743165016174316	51.30756378173828
10.192	5.266996383666992	50.28865051269531
10.194	5.441170692443848	48.26189041137695
10.196	5.817320346832275	43.9323616027832
10.198	5.5448689460754395	36.93833541870117
10.2	4.667137145996094	38.236148834228516
10.202	4.023082256317139	42.52033996582031
10.204	4.089132308959961	42.122013092041016
10.206	3.696174144744873	40.299110412597656
10.208	3.4289324283599854	41.6087760925293
10.21	3.739506244659424	40.83872604370117
10.212	3.691214084625244	42.502689361572266
10.214	3.6053709983825684	42.2717399597168
10.216	3.6912825107574463	40.648048400878906
10.218	3.541567802429199	42.32469177246094
10.22	3.466362953186035	43.39287567138672
10.222	3.701601982116699	42.298038482666016
10.224	3.6835739612579346	40.789119720458984
10.226	3.6321678161621094	40.019256591796875
10.228	3.663356304168701	41.111473083496094
10.23	3.5760302543640137	42.562347412109375
10.232	3.4984142780303955	46.12272644042969
10.234	3.4866864681243896	49.91307067871094
10.236	3.0376713275909424	54.27118682861328
10.238	4.174781322479248	52.28830337524414
10.24	4.572859764099121	50.572513580322266
10.242	5.778143405914307	53.79539108276367
10.244	7.44766902923584	42.13739013671875
10.246	8.308419227600098	12.670843124389648
10.248	6.85429048538208	18.446365356445312
10.25	3.4957728385925293	34.381919860839844
10.252	3.3301842212677	35.57271957397461
10.254	3.3624231815338135	39.48935317993164
10.256	3.6761677265167236	38.31120300292969
10.258	3.4445996284484863	37.38496017456055
10.26	3.4239158630371094	38.99130630493164
10.262	3.5340797901153564	36.05903625488281
10.264	3.3311104774475098	34.181549072265625
10.266	3.152034282684326	38.209251403808594
10.268	3.531280040740967	35.55891036987305
10.27	3.331188678741455	39.009521484375
10.272	3.1099002361297607	39.65264129638672
10.274	2.3818628787994385	43.40331268310547
10.276	1.8869515657424927	45.38138198852539
10.278	1.8775638341903687	50.08489227294922
10.28	1.7169225215911865	51.846351623535156
10.282	1.8475737571716309	56.83308792114258
10.284	1.5336403846740723	58.09119415283203
10.286	1.4770352840423584	62.72891616821289
10.288	1.3086395263671875	56.59413146972656
10.29	2.3227880001068115	43.322776794433594
10.292	3.172701120376587	50.0449104309082
10.294	4.430660724639893	57.42593002319336
10.296	5.228638172149658	52.357139587402344
10.298	7.558427333831787	31.242841720581055
10.3	6.58224630355835	10.977145195007324
