children: []
meta:
  creationTime: 1715707350.4126627
  dataType: !!python/name:numpy.float64 ''
  defaults: {}
  description: ''
  fieldMap: {freq: 0, mag: 1, phase: 2}
  fieldNames: [freq, mag, phase]
  filename: \\132.166.23.175\room8a-data\FERBO\FB_W10_S4\run2\FBW10S4_204062-children\FBW10S4_204099.txt
  index: 251
  length: 251
  modificationTime: 1715707404.6396854
  name: FBW10S4_204099
  tags: ''
parameters: {}
tablefilename: FBW10S4_204099.txt
version: '1.0'
#end of header
freq	mag	phase
9.8	3.3214824199676514	4.643069744110107
9.802	3.0127787590026855	25.670974731445312
9.804	3.0807511806488037	28.091081619262695
9.806	3.238525152206421	27.23086166381836
9.808	3.113171339035034	29.32518768310547
9.81	3.0014100074768066	27.851879119873047
9.812	2.849156618118286	27.52651596069336
9.814	2.7721455097198486	26.55596351623535
9.816	2.997037649154663	28.976308822631836
9.818	3.038316011428833	27.837892532348633
9.82	2.8826327323913574	24.437000274658203
9.822	2.776325225830078	26.87162208557129
9.824	2.9800376892089844	26.968090057373047
9.826	3.1037180423736572	24.944286346435547
9.828	3.030576705932617	26.866535186767578
9.83	2.995093584060669	26.827260971069336
9.832	2.829153537750244	23.814823150634766
9.834	2.859818696975708	24.591257095336914
9.836	2.779599189758301	20.639020919799805
9.838	2.911815881729126	26.01248550415039
9.84	3.4989891052246094	30.81076431274414
9.842	3.8121120929718018	34.64022445678711
9.844	4.22207498550415	39.515987396240234
9.846	4.271840572357178	41.31333541870117
9.848	4.564974308013916	42.07084274291992
9.85	4.95374870300293	37.256221771240234
9.852	3.1151328086853027	29.229991912841797
9.854	3.8716557025909424	25.848779678344727
9.856	2.9049453735351562	21.982864379882812
9.858	2.5154833793640137	24.204875946044922
9.86	2.5186643600463867	25.0251522064209
9.862	2.5451016426086426	25.005903244018555
9.864	2.7296576499938965	27.738882064819336
9.866	2.805155038833618	27.554790496826172
9.868	2.694152593612671	25.115371704101562
9.87	2.6594202518463135	27.073265075683594
9.872	2.9251465797424316	25.120071411132812
9.874	2.892692804336548	27.072853088378906
9.876	2.950113534927368	25.025333404541016
9.878	2.933704376220703	26.752321243286133
9.88	3.0483155250549316	25.89894676208496
9.882	2.962808132171631	27.663469314575195
9.884	3.191403865814209	26.421571731567383
9.886	3.098585844039917	28.16454315185547
9.888	3.0001885890960693	28.487228393554688
9.89	3.036492347717285	28.798328399658203
9.892	3.0304758548736572	30.309783935546875
9.894	3.0161027908325195	29.610506057739258
9.896	2.995936870574951	29.24822998046875
9.898	3.0071520805358887	26.377086639404297
9.9	3.0518221855163574	27.024658203125
9.902	3.304211139678955	28.10588264465332
9.904	3.359083890914917	28.066513061523438
9.906	3.3784992694854736	28.851211547851562
9.908	3.4616527557373047	32.39805603027344
9.91	3.741389274597168	34.63086700439453
9.912	3.516911268234253	34.71214294433594
9.914	3.526031732559204	31.578763961791992
9.916	3.3018839359283447	29.029468536376953
9.918	3.13008713722229	25.943309783935547
9.92	3.0469467639923096	23.11174201965332
9.922	2.8833835124969482	25.676219940185547
9.924	3.0277493000030518	22.640825271606445
9.926	3.066502809524536	24.484310150146484
9.928	3.0048441886901855	26.019214630126953
9.93	3.0906457901000977	24.20291519165039
9.932	3.253936529159546	25.36075782775879
9.934	3.7038984298706055	36.0892219543457
9.936	3.8639817237854004	33.328548431396484
9.938	3.286652088165283	30.979822158813477
9.94	2.9842448234558105	30.417007446289062
9.942	2.8513453006744385	25.67475700378418
9.944	2.8499536514282227	25.399465560913086
9.946	3.0257568359375	24.167617797851562
9.948	2.9944074153900146	30.565353393554688
9.95	3.1440417766571045	24.311016082763672
9.952	2.980546236038208	25.630611419677734
9.954	2.916165590286255	21.785205841064453
9.956	2.932114839553833	22.658340454101562
9.958	2.8590519428253174	24.723739624023438
9.96	2.9119396209716797	23.650588989257812
9.962	2.789308547973633	23.707860946655273
9.964	2.864947557449341	26.259550094604492
9.966	2.9241275787353516	25.58441925048828
9.968	2.9788737297058105	22.746782302856445
9.97	2.874290704727173	24.573135375976562
9.972	2.673328161239624	21.075258255004883
9.974	2.624988317489624	22.95564079284668
9.976	2.6297450065612793	23.03256607055664
9.978	2.8898391723632812	25.0131893157959
9.98	2.8148276805877686	21.31511878967285
9.982	2.8589818477630615	20.3961181640625
9.984	2.942253828048706	22.134033203125
9.986	4.443435192108154	36.651241302490234
9.988	6.064543724060059	44.20850372314453
9.99	3.930209159851074	62.85024642944336
9.992	2.62349009513855	54.520896911621094
9.994	1.6488261222839355	41.766082763671875
9.996	1.873544454574585	34.784339904785156
9.998	2.500624656677246	32.0195198059082
10.0	2.8105075359344482	27.348674774169922
10.002	2.925898313522339	26.801542282104492
10.004	2.9857656955718994	26.518470764160156
10.006	2.9910378456115723	25.320079803466797
10.008	3.0156314373016357	24.4505558013916
10.01	2.8107352256774902	24.53797721862793
10.012	2.6977977752685547	22.614675521850586
10.014	2.627814292907715	23.070215225219727
10.016	2.4278006553649902	22.184207916259766
10.018	2.1296002864837646	20.84307098388672
10.02	2.125537872314453	20.78835105895996
10.022	1.8734614849090576	23.936832427978516
10.024	2.2985782623291016	23.67772102355957
10.026	2.2197937965393066	21.64739227294922
10.028	2.4642906188964844	21.13878059387207
10.03	2.6451053619384766	20.727928161621094
10.032	2.606293201446533	20.90152359008789
10.034	2.9286303520202637	21.36892318725586
10.036	3.0511891841888428	20.50813102722168
10.038	4.238120079040527	28.442129135131836
10.04	5.1370391845703125	37.77053451538086
10.042	4.2347412109375	31.927337646484375
10.044	3.4884321689605713	30.09010887145996
10.046	3.212327718734741	31.47931671142578
10.048	3.2150213718414307	32.54486846923828
10.05	3.2603774070739746	30.7048397064209
10.052	3.259828805923462	26.030372619628906
10.054	3.1416823863983154	25.531036376953125
10.056	3.2456443309783936	26.588979721069336
10.058	3.3167731761932373	26.367429733276367
10.06	2.8642852306365967	23.054475784301758
10.062	2.7463090419769287	24.809202194213867
10.064	2.859581708908081	19.705556869506836
10.066	2.566122531890869	23.04314422607422
10.068	2.5837388038635254	26.98206901550293
10.07	2.8398303985595703	25.666465759277344
10.072	2.9241936206817627	28.38915252685547
10.074	2.943230628967285	27.84222412109375
10.076	2.8986923694610596	27.189407348632812
10.078	2.841796398162842	26.186403274536133
10.08	2.949352979660034	28.627058029174805
10.082	2.8441648483276367	31.559240341186523
10.084	2.963068962097168	27.876258850097656
10.086	2.685609817504883	45.471275329589844
10.088	1.9439126253128052	52.85792922973633
10.09	1.5121146440505981	51.54932403564453
10.092	1.3735315799713135	54.73564529418945
10.094	1.3564656972885132	49.723899841308594
10.096	1.5733468532562256	46.8986930847168
10.098	2.497814893722534	39.010101318359375
10.1	3.0149381160736084	29.347082138061523
10.102	3.488328218460083	27.500314712524414
10.104	3.232292890548706	23.246662139892578
10.106	3.061599016189575	24.058441162109375
10.108	2.8386855125427246	25.168466567993164
10.11	2.8885488510131836	26.69932746887207
10.112	2.913391590118408	22.64951515197754
10.114	2.709446907043457	23.943511962890625
10.116	2.3185253143310547	23.03120994567871
10.118	1.9726837873458862	23.258764266967773
10.12	1.816508173942566	24.417512893676758
10.122	2.1289258003234863	25.657657623291016
10.124	2.495389938354492	24.190471649169922
10.126	2.661590814590454	24.7454833984375
10.128	2.766803026199341	26.253414154052734
10.13	2.8343136310577393	24.202880859375
10.132	3.125566244125366	31.35295867919922
10.134	3.3437225818634033	36.612693786621094
10.136	2.8312535285949707	42.4686279296875
10.138	2.053706645965576	46.49502182006836
10.14	1.4484856128692627	52.193973541259766
10.142	0.8893605470657349	49.89469909667969
10.144	1.4203063249588013	53.43605041503906
10.146	1.8995102643966675	49.86445617675781
10.148	3.1163887977600098	35.64082336425781
10.15	3.836280584335327	31.211584091186523
10.152	3.348494052886963	28.938247680664062
10.154	3.308976888656616	29.990999221801758
10.156	3.3879852294921875	30.673524856567383
10.158	3.1658999919891357	30.698442459106445
10.16	3.2027313709259033	32.25802993774414
10.162	3.534775972366333	43.669837951660156
10.164	4.331035137176514	45.198692321777344
10.166	4.630722522735596	49.492286682128906
10.168	5.100682258605957	48.01054382324219
10.17	4.927609443664551	48.8727912902832
10.172	5.164363861083984	48.11787414550781
10.174	5.183345317840576	51.221832275390625
10.176	5.468777179718018	50.53773498535156
10.178	5.286610126495361	51.4138069152832
10.18	5.518115997314453	50.41866683959961
10.182	5.069639682769775	49.58441925048828
10.184	5.159913063049316	48.87796401977539
10.186	5.100116729736328	53.90517807006836
10.188	5.362330436706543	55.51055908203125
10.19	5.638006210327148	55.05817794799805
10.192	5.88847017288208	53.63703536987305
10.194	6.042372226715088	49.754886627197266
10.196	6.055140018463135	44.42832565307617
10.198	6.328201770782471	37.66582107543945
10.2	4.700122833251953	40.66372299194336
10.202	4.579127311706543	41.63942337036133
10.204	4.306154727935791	45.24266815185547
10.206	4.242815971374512	40.20491027832031
10.208	3.485166072845459	40.01940155029297
10.21	3.793912410736084	36.311492919921875
10.212	3.2220118045806885	26.075212478637695
10.214	2.5830490589141846	25.517778396606445
10.216	2.774988889694214	34.74553680419922
10.218	3.0458502769470215	30.909687042236328
10.22	2.907681465148926	28.304901123046875
10.222	2.769099235534668	26.7446231842041
10.224	2.8147614002227783	27.824636459350586
10.226	2.8258278369903564	27.885042190551758
10.228	2.964266538619995	30.23813247680664
10.23	3.0244905948638916	32.77116394042969
10.232	2.6991822719573975	38.20726013183594
10.234	2.679388999938965	35.28532791137695
10.236	3.0661227703094482	40.14863586425781
10.238	2.7811355590820312	39.61007308959961
10.24	3.717698574066162	39.31125259399414
10.242	4.1468424797058105	41.974571228027344
10.244	6.560284614562988	30.582380294799805
10.246	8.223800659179688	14.948452949523926
10.248	5.262741565704346	12.11410903930664
10.25	3.117215394973755	21.924449920654297
10.252	2.9503333568573	32.069862365722656
10.254	3.054685592651367	29.86944580078125
10.256	3.0033137798309326	24.506425857543945
10.258	3.018289804458618	24.026155471801758
10.26	2.902304172515869	23.30164909362793
10.262	2.85024094581604	24.489025115966797
10.264	3.0052244663238525	21.76117706298828
10.266	2.767904281616211	24.862876892089844
10.268	2.9559824466705322	28.4265079498291
10.27	3.000175714492798	27.048559188842773
10.272	2.468194007873535	31.199270248413086
10.274	2.183562994003296	31.277202606201172
10.276	1.5476889610290527	37.71185302734375
10.278	1.3338505029678345	32.45353698730469
10.28	1.1680610179901123	37.22251892089844
10.282	1.43706214427948	39.67033004760742
10.284	1.0148003101348877	42.46919250488281
10.286	0.6667303442955017	44.90031433105469
10.288	1.0622224807739258	47.9755973815918
10.29	1.7051365375518799	36.856624603271484
10.292	2.6918182373046875	42.0594482421875
10.294	3.126141309738159	44.02252197265625
10.296	4.530699729919434	36.48178482055664
10.298	5.865537643432617	19.496305465698242
10.3	5.989612579345703	-0.2061654031276703
