children: []
meta:
  creationTime: 1715709257.9876106
  dataType: !!python/name:numpy.float64 ''
  defaults: {}
  description: ''
  fieldMap: {freq: 0, mag: 1, phase: 2}
  fieldNames: [freq, mag, phase]
  filename: \\132.166.23.175\room8a-data\FERBO\FB_W10_S4\run2\FBW10S4_204062-children\FBW10S4_204134.txt
  index: 251
  length: 251
  modificationTime: 1715709311.9989104
  name: FBW10S4_204134
  tags: ''
parameters: {}
tablefilename: FBW10S4_204134.txt
version: '1.0'
#end of header
freq	mag	phase
9.8	3.3311986923217773	24.90494728088379
9.802	2.79268741607666	27.64100456237793
9.804	2.7829413414001465	27.387008666992188
9.806	2.7814579010009766	26.606597900390625
9.808	2.635096311569214	22.95517921447754
9.81	2.6442084312438965	24.99696159362793
9.812	2.4974005222320557	25.026554107666016
9.814	2.5245513916015625	27.193912506103516
9.816	2.6147823333740234	28.18503761291504
9.818	2.777050256729126	27.0977725982666
9.82	2.6575186252593994	28.17770767211914
9.822	2.6566312313079834	26.658893585205078
9.824	2.7698802947998047	27.194841384887695
9.826	2.791621208190918	26.116857528686523
9.828	2.643803596496582	26.560937881469727
9.83	2.720418930053711	24.891023635864258
9.832	2.6542415618896484	24.990909576416016
9.834	2.8414416313171387	25.252595901489258
9.836	2.8439338207244873	22.929922103881836
9.838	2.9204823970794678	26.4204044342041
9.84	3.3251614570617676	28.744264602661133
9.842	3.769540309906006	33.4009895324707
9.844	3.9093546867370605	34.611026763916016
9.846	4.4488935470581055	41.22823715209961
9.848	4.81604528427124	37.5987548828125
9.85	4.822781562805176	23.493444442749023
9.852	4.111718654632568	24.819419860839844
9.854	3.6433191299438477	26.540462493896484
9.856	3.180507183074951	26.765466690063477
9.858	2.545133352279663	24.731298446655273
9.86	2.21816349029541	25.25920295715332
9.862	2.4657211303710938	25.28270721435547
9.864	2.508073568344116	26.859111785888672
9.866	2.4905903339385986	26.82912254333496
9.868	2.540640115737915	28.447336196899414
9.87	2.6603806018829346	27.1070499420166
9.872	2.704345464706421	25.709552764892578
9.874	2.722153663635254	26.66084098815918
9.876	2.6788511276245117	25.729938507080078
9.878	2.6472578048706055	25.66645050048828
9.88	2.7921645641326904	29.166858673095703
9.882	2.892967939376831	28.921756744384766
9.884	2.894458055496216	27.88654136657715
9.886	2.772864580154419	27.492042541503906
9.888	2.7565643787384033	25.988529205322266
9.89	2.804068088531494	27.565444946289062
9.892	2.6524195671081543	25.791976928710938
9.894	2.746878147125244	27.327957153320312
9.896	2.7365126609802246	31.39061737060547
9.898	2.6308200359344482	26.641809463500977
9.9	2.782515287399292	26.935232162475586
9.902	2.862844944000244	26.583351135253906
9.904	3.1716108322143555	25.372901916503906
9.906	3.0491843223571777	24.76285743713379
9.908	3.0374128818511963	23.41986656188965
9.91	2.7711880207061768	23.73794174194336
9.912	2.6516618728637695	25.065227508544922
9.914	2.6799540519714355	26.149824142456055
9.916	2.7481155395507812	26.082828521728516
9.918	2.7290875911712646	23.751468658447266
9.92	2.550025224685669	25.000896453857422
9.922	2.6798665523529053	25.6695556640625
9.924	2.6946780681610107	26.348154067993164
9.926	2.7130751609802246	26.638587951660156
9.928	2.758079767227173	26.662473678588867
9.93	2.8179972171783447	27.054101943969727
9.932	3.224801540374756	27.951351165771484
9.934	3.546781063079834	33.448204040527344
9.936	3.4979114532470703	33.157806396484375
9.938	2.893955707550049	30.031770706176758
9.94	2.7551636695861816	30.141571044921875
9.942	2.6544651985168457	28.448429107666016
9.944	2.708646774291992	27.258325576782227
9.946	2.7919812202453613	27.19570541381836
9.948	2.7988758087158203	29.246536254882812
9.95	2.8807008266448975	28.487932205200195
9.952	2.7635343074798584	25.700271606445312
9.954	2.694631338119507	26.07172393798828
9.956	2.846693277359009	26.669185638427734
9.958	2.871962070465088	26.040437698364258
9.96	2.8212778568267822	24.952314376831055
9.962	2.6718552112579346	22.557373046875
9.964	2.5681471824645996	26.8316707611084
9.966	2.689159393310547	24.254976272583008
9.968	2.7297730445861816	24.703638076782227
9.97	2.635265350341797	24.814754486083984
9.972	2.5305750370025635	25.32176399230957
9.974	2.437258720397949	25.119314193725586
9.976	2.5128390789031982	22.672534942626953
9.978	2.5287067890167236	24.74790382385254
9.98	2.5700345039367676	24.785160064697266
9.982	2.563993453979492	24.02851104736328
9.984	2.916381597518921	19.77586555480957
9.986	4.476472854614258	38.99906539916992
9.988	6.111309051513672	51.354652404785156
9.99	4.128043174743652	63.478172302246094
9.992	2.8477444648742676	59.734798431396484
9.994	2.066788911819458	44.588531494140625
9.996	2.0308077335357666	37.564720153808594
9.998	2.501508951187134	31.48577880859375
10.0	2.676298141479492	28.0312442779541
10.002	2.7221386432647705	26.512176513671875
10.004	2.8044607639312744	25.718463897705078
10.006	2.49554181098938	25.029342651367188
10.008	2.77079176902771	22.387409210205078
10.01	2.6344540119171143	23.448078155517578
10.012	2.6806159019470215	22.854650497436523
10.014	2.251241445541382	18.987533569335938
10.016	2.156597375869751	22.317331314086914
10.018	1.9900730848312378	20.252389907836914
10.02	1.8258873224258423	17.92392921447754
10.022	2.2981302738189697	20.605592727661133
10.024	1.928078055381775	20.599882125854492
10.026	1.931535005569458	20.502437591552734
10.028	2.1086671352386475	22.003355026245117
10.03	2.460770606994629	20.589550018310547
10.032	2.456864356994629	20.327857971191406
10.034	2.7252004146575928	21.564895629882812
10.036	2.8523495197296143	20.898658752441406
10.038	4.341248989105225	30.090593338012695
10.04	5.3645524978637695	35.02143096923828
10.042	4.072619915008545	29.67703628540039
10.044	3.3443727493286133	28.152067184448242
10.046	3.04197359085083	32.69679641723633
10.048	3.0303866863250732	30.28338623046875
10.05	2.9729862213134766	26.431760787963867
10.052	3.0726563930511475	27.693082809448242
10.054	2.9451563358306885	23.82967185974121
10.056	2.9338254928588867	23.695119857788086
10.058	2.7374417781829834	22.61178970336914
10.06	2.621917486190796	22.435871124267578
10.062	2.6403884887695312	21.951217651367188
10.064	2.5344762802124023	25.59377670288086
10.066	2.6100339889526367	24.260177612304688
10.068	2.522174119949341	23.38322639465332
10.07	2.5257568359375	24.499549865722656
10.072	2.4192893505096436	25.695674896240234
10.074	2.524106502532959	23.213720321655273
10.076	2.4825353622436523	25.472230911254883
10.078	2.5718541145324707	25.027450561523438
10.08	2.660902261734009	24.868146896362305
10.082	2.6302292346954346	26.59918212890625
10.084	2.6614933013916016	26.84585952758789
10.086	2.6151516437530518	36.176578521728516
10.088	1.8720507621765137	49.846004486083984
10.09	1.4707233905792236	50.38806915283203
10.092	1.383591890335083	51.082763671875
10.094	1.4525156021118164	49.62578582763672
10.096	1.9763529300689697	41.897071838378906
10.098	2.6561834812164307	37.521236419677734
10.1	3.087331533432007	24.8720645904541
10.102	3.2001090049743652	23.143585205078125
10.104	3.0065813064575195	20.558631896972656
10.106	2.74105167388916	22.323179244995117
10.108	2.6461472511291504	23.952199935913086
10.11	2.6759414672851562	24.209983825683594
10.112	2.598149061203003	26.32326316833496
10.114	2.519765853881836	23.532804489135742
10.116	1.967665195465088	22.98451805114746
10.118	1.7338355779647827	21.945405960083008
10.12	1.9731206893920898	24.644149780273438
10.122	2.1378214359283447	26.193458557128906
10.124	2.5281193256378174	26.692914962768555
10.126	2.601418972015381	26.62685203552246
10.128	2.7545716762542725	26.772565841674805
10.13	2.790931224822998	27.32501220703125
10.132	3.126969337463379	28.789342880249023
10.134	3.3560969829559326	34.88125228881836
10.136	2.687589168548584	45.98759078979492
10.138	2.1415884494781494	45.81352233886719
10.14	1.6400725841522217	51.54613494873047
10.142	0.98356693983078	51.58147430419922
10.144	1.6471168994903564	53.82107925415039
10.146	2.2775731086730957	50.7468147277832
10.148	3.1134424209594727	36.789058685302734
10.15	3.6233627796173096	26.435932159423828
10.152	2.876781463623047	28.94317626953125
10.154	2.676769971847534	26.825654983520508
10.156	2.8767406940460205	26.594707489013672
10.158	2.7419638633728027	23.976545333862305
10.16	2.5887575149536133	30.15941047668457
10.162	2.895008087158203	37.3045768737793
10.164	3.268449068069458	38.86685562133789
10.166	3.567023992538452	43.2314338684082
10.168	3.8968279361724854	41.50703811645508
10.17	3.508124828338623	40.4725227355957
10.172	3.579348087310791	41.25482177734375
10.174	3.5963797569274902	43.72460174560547
10.176	4.060848712921143	43.51573181152344
10.178	4.338033199310303	46.91884231567383
10.18	4.577013969421387	47.60710525512695
10.182	4.272383689880371	43.39257049560547
10.184	3.9832217693328857	42.910884857177734
10.186	3.9018824100494385	49.042518615722656
10.188	4.582197189331055	51.39542770385742
10.19	5.272516250610352	52.97080993652344
10.192	5.405698299407959	50.90045166015625
10.194	5.681474685668945	48.53538131713867
10.196	5.469500541687012	43.6434211730957
10.198	5.988128185272217	42.01801681518555
10.2	4.951086044311523	43.221031188964844
10.202	4.677375793457031	43.0321044921875
10.204	4.471562385559082	47.77478790283203
10.206	4.642050743103027	46.465641021728516
10.208	3.321134567260742	31.27033805847168
10.21	2.7889723777770996	24.998836517333984
10.212	2.6912498474121094	25.942800521850586
10.214	2.6848673820495605	36.99193572998047
10.216	2.955584764480591	35.801692962646484
10.218	2.8103506565093994	35.21876907348633
10.22	2.847832441329956	32.48493576049805
10.222	2.9973905086517334	33.058509826660156
10.224	2.9764950275421143	30.76624298095703
10.226	2.997025728225708	30.074478149414062
10.228	2.943889617919922	26.864334106445312
10.23	2.6799826622009277	30.583097457885742
10.232	2.797431468963623	36.75881576538086
10.234	2.882284164428711	34.82428741455078
10.236	3.0235042572021484	38.47980499267578
10.238	3.3020217418670654	34.08180618286133
10.24	3.6050074100494385	33.41547393798828
10.242	3.9614105224609375	35.550907135009766
10.244	6.319400787353516	23.24595832824707
10.246	7.958125591278076	14.70541763305664
10.248	4.424014091491699	8.33459186553955
10.25	2.4539263248443604	14.345762252807617
10.252	1.9679722785949707	15.62421989440918
10.254	2.3586559295654297	24.466211318969727
10.256	2.6207590103149414	21.89636993408203
10.258	2.418107509613037	17.30938720703125
10.26	2.2830965518951416	18.676239013671875
10.262	2.386082410812378	20.81981086730957
10.264	2.3304879665374756	24.0009708404541
10.266	2.527404546737671	21.73232078552246
10.268	2.483875036239624	25.640172958374023
10.27	2.6710710525512695	26.916555404663086
10.272	2.5175111293792725	31.738088607788086
10.274	2.2877771854400635	32.89955139160156
10.276	1.7227836847305298	35.45047378540039
10.278	1.6568301916122437	38.401920318603516
10.28	1.625940203666687	39.66118621826172
10.282	1.6301432847976685	41.96415328979492
10.284	1.336867094039917	44.82716369628906
10.286	1.0493364334106445	46.67347717285156
10.288	1.1784303188323975	44.62449645996094
10.29	2.067909002304077	37.86058807373047
10.292	2.949516534805298	42.76283645629883
10.294	3.434237003326416	46.37282180786133
10.296	4.963428974151611	38.55729675292969
10.298	6.4623284339904785	18.342060089111328
10.3	5.287685394287109	-1.2527096271514893
