children: []
meta:
  creationTime: 1715709040.6721234
  dataType: !!python/name:numpy.float64 ''
  defaults: {}
  description: ''
  fieldMap: {freq: 0, mag: 1, phase: 2}
  fieldNames: [freq, mag, phase]
  filename: \\132.166.23.175\room8a-data\FERBO\FB_W10_S4\run2\FBW10S4_204062-children\FBW10S4_204130.txt
  index: 251
  length: 251
  modificationTime: 1715709094.8230605
  name: FBW10S4_204130
  tags: ''
parameters: {}
tablefilename: FBW10S4_204130.txt
version: '1.0'
#end of header
freq	mag	phase
9.8	3.047304153442383	23.933048248291016
9.802	2.558617115020752	26.00636863708496
9.804	2.6065595149993896	23.778188705444336
9.806	2.6377692222595215	23.70827293395996
9.808	2.4743053913116455	22.237276077270508
9.81	2.4299538135528564	24.55927848815918
9.812	2.4138031005859375	22.634897232055664
9.814	2.415699005126953	23.788188934326172
9.816	2.379732608795166	24.152507781982422
9.818	2.466717004776001	22.824840545654297
9.82	2.4554059505462646	24.366445541381836
9.822	2.462522268295288	22.793514251708984
9.824	2.4683330059051514	26.213743209838867
9.826	2.566404342651367	25.641857147216797
9.828	2.6643238067626953	23.84021759033203
9.83	2.567594051361084	25.257526397705078
9.832	2.6206727027893066	24.469018936157227
9.834	2.5808708667755127	25.40017318725586
9.836	2.767509698867798	27.00211524963379
9.838	3.0025999546051025	27.959178924560547
9.84	3.3097116947174072	30.813356399536133
9.842	3.7489991188049316	32.93638610839844
9.844	4.083503246307373	35.303531646728516
9.846	3.968400716781616	36.6502799987793
9.848	4.619256019592285	36.87236022949219
9.85	4.938357830047607	27.301298141479492
9.852	2.9239554405212402	24.338123321533203
9.854	3.584820508956909	23.332366943359375
9.856	2.665729522705078	19.356691360473633
9.858	2.3446946144104004	19.30522346496582
9.86	2.019867181777954	21.618579864501953
9.862	2.12304949760437	23.09418296813965
9.864	2.4128575325012207	24.276363372802734
9.866	2.3853373527526855	23.670745849609375
9.868	2.2948076725006104	25.205060958862305
9.87	2.363426446914673	25.0925350189209
9.872	2.5223114490509033	25.032318115234375
9.874	2.5883889198303223	22.59670639038086
9.876	2.5149900913238525	23.43125343322754
9.878	2.550199031829834	23.10142707824707
9.88	2.589003801345825	23.622394561767578
9.882	2.4593567848205566	20.030418395996094
9.884	2.4000165462493896	24.577999114990234
9.886	2.6457326412200928	24.030977249145508
9.888	2.5896661281585693	23.5966739654541
9.89	2.5948052406311035	25.903276443481445
9.892	2.6643402576446533	26.144060134887695
9.894	2.5500218868255615	25.49361228942871
9.896	2.6165812015533447	22.718185424804688
9.898	2.6226391792297363	25.75704574584961
9.9	2.869788646697998	23.798542022705078
9.902	2.793886423110962	25.267078399658203
9.904	3.0684256553649902	23.862415313720703
9.906	3.150585174560547	22.486188888549805
9.908	2.7299375534057617	22.621612548828125
9.91	2.6900558471679688	23.295984268188477
9.912	2.5240888595581055	24.656871795654297
9.914	2.6056578159332275	25.182004928588867
9.916	2.5385031700134277	25.863454818725586
9.918	2.592869520187378	23.71695327758789
9.92	2.6189827919006348	25.32603645324707
9.922	2.6862897872924805	25.763471603393555
9.924	2.6439907550811768	24.395122528076172
9.926	2.6483426094055176	24.591114044189453
9.928	2.6983227729797363	25.284055709838867
9.93	2.7202181816101074	24.81158447265625
9.932	3.0310897827148438	26.797819137573242
9.934	3.2833404541015625	29.053043365478516
9.936	3.2586913108825684	31.982088088989258
9.938	2.9325103759765625	30.44335174560547
9.94	2.6579318046569824	29.733299255371094
9.942	2.7060964107513428	29.28912925720215
9.944	2.7732279300689697	27.06731605529785
9.946	2.690985679626465	27.351228713989258
9.948	2.624591827392578	26.75372314453125
9.95	2.7481138706207275	25.46488380432129
9.952	2.703321933746338	25.154003143310547
9.954	2.6955068111419678	26.622018814086914
9.956	2.7347402572631836	26.84195899963379
9.958	2.801877737045288	26.55773162841797
9.96	2.5952014923095703	22.82492446899414
9.962	2.516165018081665	24.3858699798584
9.964	2.5300660133361816	23.223373413085938
9.966	2.4768505096435547	25.641698837280273
9.968	2.7082161903381348	25.194772720336914
9.97	2.444988250732422	21.59282112121582
9.972	2.329336643218994	22.99449348449707
9.974	2.4657561779022217	25.260520935058594
9.976	2.454880952835083	25.858518600463867
9.978	2.555814504623413	26.957887649536133
9.98	2.7410507202148438	20.35517692565918
9.982	2.5742688179016113	22.59663200378418
9.984	2.841273307800293	22.365781784057617
9.986	4.666795253753662	27.794689178466797
9.988	5.9925456047058105	49.57304763793945
9.99	3.9223263263702393	62.34553527832031
9.992	2.427154779434204	54.9891242980957
9.994	1.801778793334961	47.29113006591797
9.996	1.8524465560913086	33.729454040527344
9.998	2.455820322036743	32.94047546386719
10.0	2.6883466243743896	30.03334617614746
10.002	2.7919600009918213	28.14684295654297
10.004	2.7832539081573486	26.21054458618164
10.006	2.835397243499756	25.99818992614746
10.008	2.575580358505249	22.704879760742188
10.01	2.6059494018554688	24.596332550048828
10.012	2.6050772666931152	23.14090347290039
10.014	2.4759137630462646	23.752052307128906
10.016	2.2203588485717773	19.297866821289062
10.018	1.8836278915405273	18.51865577697754
10.02	1.9243232011795044	17.65688133239746
10.022	2.584859848022461	19.120588302612305
10.024	1.9170749187469482	17.39040184020996
10.026	1.782688856124878	18.811655044555664
10.028	2.0764076709747314	20.464893341064453
10.03	2.3119726181030273	20.407161712646484
10.032	2.4424874782562256	20.726577758789062
10.034	2.6217949390411377	19.477691650390625
10.036	3.163231134414673	17.7812557220459
10.038	3.906545639038086	27.865612030029297
10.04	4.919562339782715	36.33972930908203
10.042	4.4426493644714355	32.85820007324219
10.044	3.191709518432617	29.5810546875
10.046	2.997133731842041	29.65762710571289
10.048	2.9690630435943604	31.746036529541016
10.05	3.243795394897461	30.516691207885742
10.052	2.896089553833008	23.269418716430664
10.054	2.883532762527466	21.40572738647461
10.056	2.808162212371826	23.281042098999023
10.058	2.6681783199310303	20.83649253845215
10.06	2.61716628074646	21.52446746826172
10.062	2.726613759994507	21.238773345947266
10.064	2.579758644104004	21.844249725341797
10.066	2.3579792976379395	19.94937515258789
10.068	2.494440793991089	21.937110900878906
10.07	2.555161476135254	24.007719039916992
10.072	2.541065216064453	23.0189208984375
10.074	2.6583359241485596	23.74262809753418
10.076	2.5965187549591064	23.9696102142334
10.078	2.6136105060577393	25.34162139892578
10.08	2.7390308380126953	25.942453384399414
10.082	2.641023635864258	27.450624465942383
10.084	2.6909568309783936	27.219154357910156
10.086	2.495471477508545	42.784942626953125
10.088	1.9888068437576294	50.81502151489258
10.09	1.5231205224990845	47.10805892944336
10.092	1.5128350257873535	50.01865768432617
10.094	1.4904720783233643	47.78410720825195
10.096	2.4121711254119873	43.847686767578125
10.098	2.8431036472320557	41.229007720947266
10.1	3.3821496963500977	29.9365177154541
10.102	3.663637399673462	25.007736206054688
10.104	3.3382513523101807	26.398193359375
10.106	3.0785090923309326	24.623197555541992
10.108	2.7838876247406006	24.956605911254883
10.11	2.7168989181518555	25.924028396606445
10.112	2.6640775203704834	23.7835750579834
10.114	2.550426959991455	23.1851749420166
10.116	1.8891385793685913	21.317485809326172
10.118	1.7248518466949463	19.042795181274414
10.12	1.6581453084945679	21.479251861572266
10.122	2.0780844688415527	22.975767135620117
10.124	2.5046803951263428	22.560791015625
10.126	2.4487829208374023	24.447526931762695
10.128	2.428779363632202	25.195281982421875
10.13	2.685839891433716	23.89360809326172
10.132	3.1696698665618896	31.21636199951172
10.134	3.50114369392395	35.221988677978516
10.136	2.8936574459075928	47.04899215698242
10.138	2.497532367706299	48.9583625793457
10.14	1.753278136253357	52.76490020751953
10.142	0.9832082390785217	53.975765228271484
10.144	1.6011735200881958	53.97412109375
10.146	2.368242025375366	49.435020446777344
10.148	3.25079607963562	35.268211364746094
10.15	3.801671028137207	27.621990203857422
10.152	2.9640564918518066	25.859304428100586
10.154	2.8630847930908203	28.0256290435791
10.156	3.0368292331695557	27.52037811279297
10.158	2.830393075942993	26.567655563354492
10.16	2.8126842975616455	30.749061584472656
10.162	2.856213092803955	35.0678825378418
10.164	3.1229135990142822	42.421993255615234
10.166	3.7605905532836914	42.71025085449219
10.168	4.004811763763428	42.11013412475586
10.17	3.8722047805786133	40.698020935058594
10.172	3.6484556198120117	41.86750411987305
10.174	3.8509392738342285	41.67066192626953
10.176	4.058747291564941	45.55447769165039
10.178	4.340996265411377	45.77153015136719
10.18	4.54429292678833	46.504722595214844
10.182	4.544250011444092	42.99559020996094
10.184	3.901266098022461	37.93854904174805
10.186	3.578437566757202	43.61018753051758
10.188	4.2549357414245605	49.67317199707031
10.19	4.753904342651367	52.47734832763672
10.192	5.312384605407715	51.63020706176758
10.194	5.610101699829102	48.54631805419922
10.196	5.349466800689697	43.53942108154297
10.198	5.508304119110107	42.44865036010742
10.2	5.1490864753723145	42.84812927246094
10.202	4.3774094581604	43.916133880615234
10.204	4.270392417907715	43.56113052368164
10.206	4.008886337280273	46.173805236816406
10.208	3.7954704761505127	34.48033905029297
10.21	2.6549384593963623	26.527359008789062
10.212	2.6648919582366943	25.44156265258789
10.214	2.438779830932617	34.585330963134766
10.216	2.7488036155700684	33.67375183105469
10.218	2.6227054595947266	31.1393985748291
10.22	2.673341751098633	30.13697624206543
10.222	2.5531647205352783	27.8857421875
10.224	2.528925895690918	27.434947967529297
10.226	2.7793848514556885	29.246313095092773
10.228	2.8060827255249023	25.942895889282227
10.23	2.62091326713562	29.618261337280273
10.232	2.5818235874176025	32.5062255859375
10.234	2.842780113220215	39.91612243652344
10.236	2.72912859916687	36.570194244384766
10.238	3.1607277393341064	32.45014953613281
10.24	3.3102805614471436	31.989295959472656
10.242	4.513024806976318	37.63766860961914
10.244	6.050164222717285	24.107898712158203
10.246	7.086884021759033	1.299765944480896
10.248	5.468513011932373	6.604605197906494
10.25	2.4457693099975586	18.759611129760742
10.252	2.2945120334625244	24.327774047851562
10.254	2.411266326904297	25.943418502807617
10.256	2.6328437328338623	22.413249969482422
10.258	2.507845640182495	23.876901626586914
10.26	2.5828304290771484	22.284934997558594
10.262	2.426072597503662	23.606163024902344
10.264	2.587205648422241	24.836210250854492
10.266	2.5610711574554443	25.020498275756836
10.268	2.5566353797912598	26.010305404663086
10.27	2.5994317531585693	26.157651901245117
10.272	2.4024288654327393	32.01153564453125
10.274	2.1770243644714355	33.211299896240234
10.276	1.581560730934143	34.60662078857422
10.278	1.4249333143234253	35.54193878173828
10.28	1.5585030317306519	40.05252456665039
10.282	1.657877802848816	39.351890563964844
10.284	1.3077592849731445	44.64830780029297
10.286	0.9513733386993408	46.9488410949707
10.288	1.2687090635299683	47.72601318359375
10.29	1.9728178977966309	37.03498458862305
10.292	2.813044548034668	40.31671905517578
10.294	3.3024840354919434	44.34819793701172
10.296	4.981636047363281	36.759422302246094
10.298	5.9900407791137695	7.717047214508057
10.3	5.346979141235352	-1.0914068222045898
