children: []
meta:
  creationTime: 1715707079.011027
  dataType: !!python/name:numpy.float64 ''
  defaults: {}
  description: ''
  fieldMap: {freq: 0, mag: 1, phase: 2}
  fieldNames: [freq, mag, phase]
  filename: \\132.166.23.175\room8a-data\FERBO\FB_W10_S4\run2\FBW10S4_204062-children\FBW10S4_204094.txt
  index: 251
  length: 251
  modificationTime: 1715707132.8797238
  name: FBW10S4_204094
  tags: ''
parameters: {}
tablefilename: FBW10S4_204094.txt
version: '1.0'
#end of header
freq	mag	phase
9.8	3.9771156311035156	13.297496795654297
9.802	3.1158907413482666	28.47691535949707
9.804	3.0392115116119385	28.33462905883789
9.806	3.129732847213745	27.59674072265625
9.808	3.1733298301696777	26.863136291503906
9.81	3.076063394546509	26.480106353759766
9.812	2.840620517730713	27.388938903808594
9.814	2.8783719539642334	26.491352081298828
9.816	2.831986427307129	25.204729080200195
9.818	2.922698736190796	24.977725982666016
9.82	2.908170223236084	26.41072654724121
9.822	2.9154512882232666	27.077295303344727
9.824	2.98410701751709	24.856197357177734
9.826	3.0283758640289307	24.47193717956543
9.828	2.8945727348327637	25.42597770690918
9.83	2.9607629776000977	24.31048011779785
9.832	3.0590121746063232	23.890233993530273
9.834	3.066507339477539	23.168325424194336
9.836	3.0023200511932373	23.034502029418945
9.838	3.071991205215454	23.161848068237305
9.84	3.615795850753784	30.433120727539062
9.842	4.017583847045898	32.9883918762207
9.844	4.084602355957031	34.83272933959961
9.846	4.2316694259643555	36.33380889892578
9.848	4.559139728546143	38.191131591796875
9.85	4.725593566894531	42.51417541503906
9.852	4.232190132141113	27.328994750976562
9.854	3.8863980770111084	23.2512149810791
9.856	2.9860939979553223	20.18395233154297
9.858	2.461116075515747	21.69267463684082
9.86	2.4687702655792236	24.18244171142578
9.862	2.762809991836548	24.936569213867188
9.864	3.033660411834717	25.983312606811523
9.866	2.777722120285034	26.830442428588867
9.868	2.6661412715911865	23.81360626220703
9.87	2.806347370147705	22.892187118530273
9.872	2.9286673069000244	24.303720474243164
9.874	2.940718173980713	23.118783950805664
9.876	2.993978261947632	23.5386962890625
9.878	3.1125495433807373	26.690710067749023
9.88	3.1914241313934326	26.90500259399414
9.882	3.1716067790985107	24.115510940551758
9.884	3.158320903778076	24.62754249572754
9.886	3.125535726547241	27.809310913085938
9.888	3.162458658218384	25.311229705810547
9.89	3.1139326095581055	28.12992286682129
9.892	3.1789591312408447	27.53014373779297
9.894	3.017338514328003	26.479618072509766
9.896	3.141880989074707	29.402677536010742
9.898	3.115410327911377	26.897321701049805
9.9	3.1825881004333496	28.629474639892578
9.902	3.3869736194610596	29.048564910888672
9.904	3.3809642791748047	24.25310707092285
9.906	3.5155889987945557	21.74286460876465
9.908	3.1023623943328857	22.74334716796875
9.91	3.08107328414917	23.670793533325195
9.912	3.0187108516693115	25.078657150268555
9.914	3.061819314956665	24.511533737182617
9.916	3.076568603515625	26.47281837463379
9.918	3.1489808559417725	24.566635131835938
9.92	2.9990715980529785	24.409160614013672
9.922	3.0239908695220947	22.52968406677246
9.924	2.843621015548706	22.949275970458984
9.926	3.0118844509124756	21.5082950592041
9.928	2.9462966918945312	22.114896774291992
9.93	2.9725403785705566	21.770023345947266
9.932	3.362729549407959	22.0655517578125
9.934	3.7141454219818115	26.431827545166016
9.936	3.6354568004608154	29.96023941040039
9.938	3.1169028282165527	28.755632400512695
9.94	2.868248224258423	29.02008819580078
9.942	2.900827169418335	26.888174057006836
9.944	3.005455255508423	23.317523956298828
9.946	2.9529287815093994	26.585968017578125
9.948	3.088841199874878	28.217411041259766
9.95	3.103144407272339	28.5424861907959
9.952	2.9042444229125977	27.308250427246094
9.954	3.1164159774780273	27.20195960998535
9.956	3.1645357608795166	26.68620491027832
9.958	2.983447551727295	20.38759994506836
9.96	2.704784631729126	21.069936752319336
9.962	2.860879898071289	19.029617309570312
9.964	2.6814165115356445	22.491838455200195
9.966	2.899949312210083	24.23616600036621
9.968	3.049438714981079	22.013137817382812
9.97	2.7370364665985107	21.106836318969727
9.972	2.708188772201538	23.26663589477539
9.974	2.573140859603882	22.631542205810547
9.976	2.751431941986084	22.509973526000977
9.978	2.826469659805298	22.242523193359375
9.98	2.872105598449707	22.290063858032227
9.982	3.054854154586792	21.95139503479004
9.984	3.0532751083374023	20.22747230529785
9.986	4.597542762756348	33.721405029296875
9.988	6.017186641693115	47.31380844116211
9.99	3.876121759414673	58.446250915527344
9.992	2.6201300621032715	53.466854095458984
9.994	1.850787878036499	43.096256256103516
9.996	1.915931224822998	33.060176849365234
9.998	2.6305267810821533	30.636926651000977
10.0	2.872974157333374	29.54598045349121
10.002	3.1146240234375	27.063426971435547
10.004	3.1541929244995117	28.214481353759766
10.006	3.166994333267212	25.747941970825195
10.008	3.188131809234619	24.416547775268555
10.01	3.068453073501587	22.741867065429688
10.012	2.905879259109497	20.74663734436035
10.014	2.603444814682007	19.62190818786621
10.016	2.267745018005371	24.94603729248047
10.018	2.2935407161712646	21.383726119995117
10.02	2.2157907485961914	20.430665969848633
10.022	2.205665349960327	22.05079460144043
10.024	2.2658169269561768	21.7951602935791
10.026	2.399796962738037	21.36177635192871
10.028	2.634514570236206	21.67510223388672
10.03	2.6573219299316406	19.304147720336914
10.032	2.719468355178833	19.524118423461914
10.034	2.9033894538879395	18.712604522705078
10.036	3.077052354812622	20.724811553955078
10.038	4.219303131103516	21.93317413330078
10.04	5.147833347320557	35.55154037475586
10.042	4.308107852935791	31.480819702148438
10.044	3.4435410499572754	27.16866683959961
10.046	3.1957767009735107	27.122596740722656
10.048	3.089616060256958	30.530231475830078
10.05	3.3012514114379883	30.216896057128906
10.052	3.3470208644866943	29.866907119750977
10.054	3.3570377826690674	25.699234008789062
10.056	3.2646985054016113	25.38957977294922
10.058	3.1187260150909424	23.234045028686523
10.06	3.0167348384857178	22.322723388671875
10.062	2.997326374053955	25.23810577392578
10.064	3.003309965133667	24.166040420532227
10.066	2.6083178520202637	20.909015655517578
10.068	2.613225221633911	23.5097599029541
10.07	2.8218138217926025	23.653900146484375
10.072	2.7975401878356934	23.595399856567383
10.074	2.902658700942993	26.08567237854004
10.076	2.9368526935577393	29.263225555419922
10.078	3.1008121967315674	26.30857276916504
10.08	3.0742642879486084	26.048358917236328
10.082	2.985509157180786	26.93288230895996
10.084	3.136613130569458	32.03774642944336
10.086	2.9132633209228516	46.7662353515625
10.088	2.3223512172698975	49.52178955078125
10.09	1.382095456123352	49.10237503051758
10.092	1.3987988233566284	51.069068908691406
10.094	1.308822512626648	51.628726959228516
10.096	1.6879671812057495	46.984561920166016
10.098	2.7716474533081055	40.85078430175781
10.1	3.198296070098877	34.21915054321289
10.102	3.4777326583862305	20.758472442626953
10.104	3.339677572250366	21.04303741455078
10.106	3.2119150161743164	20.92889976501465
10.108	3.042809009552002	22.91405487060547
10.11	3.0403265953063965	23.061874389648438
10.112	3.028231143951416	23.39449691772461
10.114	2.8517611026763916	18.963823318481445
10.116	2.1475815773010254	21.369157791137695
10.118	1.887487769126892	22.30796241760254
10.12	1.7509444952011108	20.548635482788086
10.122	2.1393110752105713	21.818317413330078
10.124	2.570038080215454	22.857763290405273
10.126	2.7492573261260986	25.373018264770508
10.128	2.798058032989502	25.524717330932617
10.13	2.883136749267578	25.785341262817383
10.132	3.139965057373047	28.26354217529297
10.134	3.1417248249053955	33.123046875
10.136	2.2480454444885254	42.0146484375
10.138	2.0969502925872803	45.10395431518555
10.14	1.5139431953430176	50.98050308227539
10.142	0.8584387302398682	48.5466423034668
10.144	1.485727071762085	50.587547302246094
10.146	1.7933822870254517	46.18059539794922
10.148	2.971271514892578	36.939170837402344
10.15	3.889218807220459	32.58269119262695
10.152	3.3519785404205322	29.919889450073242
10.154	3.2912895679473877	30.7517032623291
10.156	3.414799213409424	28.721939086914062
10.158	3.2722582817077637	29.49930763244629
10.16	3.125678300857544	35.77008056640625
10.162	3.4918227195739746	39.768341064453125
10.164	4.057504177093506	47.20372772216797
10.166	4.687107086181641	47.49435806274414
10.168	4.881693363189697	48.13347244262695
10.17	4.990245342254639	46.32585906982422
10.172	4.937942028045654	47.9233283996582
10.174	5.005328178405762	48.33412551879883
10.176	5.1042962074279785	49.373870849609375
10.178	5.261582851409912	48.18428421020508
10.18	5.344760417938232	50.345794677734375
10.182	5.392995834350586	48.91765594482422
10.184	5.06032133102417	49.651634216308594
10.186	5.151745319366455	52.87308120727539
10.188	5.309418678283691	55.351070404052734
10.19	5.591938495635986	56.07113265991211
10.192	6.017359733581543	53.590213775634766
10.194	6.249535083770752	51.60892868041992
10.196	6.242701053619385	49.443782806396484
10.198	6.664656162261963	38.22643280029297
10.2	4.4177565574646	40.91205978393555
10.202	4.479877471923828	44.701759338378906
10.204	4.591228485107422	44.68887710571289
10.206	3.865506887435913	39.170921325683594
10.208	3.354870557785034	34.43561935424805
10.21	3.388390302658081	31.169069290161133
10.212	3.216301202774048	29.203094482421875
10.214	2.851454257965088	27.320093154907227
10.216	2.7630040645599365	26.77235984802246
10.218	2.7894294261932373	30.625167846679688
10.22	2.878164529800415	26.916580200195312
10.222	2.8720545768737793	27.314794540405273
10.224	2.798375368118286	22.849834442138672
10.226	2.8395562171936035	23.048627853393555
10.228	2.8847999572753906	24.109811782836914
10.23	2.8486928939819336	26.549848556518555
10.232	2.647277593612671	31.350872039794922
10.234	2.37665057182312	38.54543685913086
10.236	2.7439160346984863	40.51815414428711
10.238	2.9196789264678955	37.54938507080078
10.24	3.5735743045806885	36.698734283447266
10.242	4.0213446617126465	39.367530822753906
10.244	6.268887996673584	24.432235717773438
10.246	7.892864227294922	11.991469383239746
10.248	5.37251091003418	13.972805976867676
10.25	3.244429349899292	21.3139705657959
10.252	2.744701385498047	23.060985565185547
10.254	2.6192970275878906	25.270084381103516
10.256	2.935955047607422	21.640380859375
10.258	2.802882194519043	20.982751846313477
10.26	2.894102096557617	22.070415496826172
10.262	2.8391668796539307	24.768753051757812
10.264	2.9409656524658203	23.64407730102539
10.266	2.800039529800415	23.735307693481445
10.268	2.8441390991210938	22.569746017456055
10.27	2.8600683212280273	25.940725326538086
10.272	2.6631503105163574	27.998132705688477
10.274	1.8933241367340088	31.899463653564453
10.276	1.5065155029296875	31.85739517211914
10.278	1.263322114944458	31.29538345336914
10.28	1.025154709815979	32.7418327331543
10.282	1.3064095973968506	40.4107780456543
10.284	1.0803451538085938	43.396514892578125
10.286	0.7672538757324219	47.0125617980957
10.288	0.5541372895240784	43.225868225097656
10.29	1.9787274599075317	31.02033805847168
10.292	2.780796527862549	34.93528366088867
10.294	3.2077157497406006	42.59815979003906
10.296	4.326826095581055	38.43564224243164
10.298	5.875025749206543	13.910783767700195
10.3	5.74770450592041	-3.001544952392578
