children: []
meta:
  creationTime: 1715717862.7582896
  dataType: !!python/name:numpy.float64 ''
  defaults: {}
  description: ''
  fieldMap: {freq: 0, mag: 1, phase: 2}
  fieldNames: [freq, mag, phase]
  filename: \\132.166.23.175\room8a-data\FERBO\FB_W10_S4\run2\FBW10S4_204062-children\FBW10S4_204291.txt
  index: 251
  length: 251
  modificationTime: 1715717918.3062205
  name: FBW10S4_204291
  tags: ''
parameters: {}
tablefilename: FBW10S4_204291.txt
version: '1.0'
#end of header
freq	mag	phase
9.8	3.6366376876831055	27.031938552856445
9.802	3.0957484245300293	28.758432388305664
9.804	3.090900182723999	28.845067977905273
9.806	2.8471226692199707	23.711753845214844
9.808	2.8711562156677246	25.21725845336914
9.81	2.7582249641418457	23.095855712890625
9.812	2.7242374420166016	27.424009323120117
9.814	2.721545696258545	31.84583854675293
9.816	2.881564140319824	27.764795303344727
9.818	2.85705304145813	29.009998321533203
9.82	2.839830160140991	25.981786727905273
9.822	2.9049267768859863	32.990379333496094
9.824	2.9479780197143555	30.302223205566406
9.826	3.116238594055176	28.998104095458984
9.828	2.9263763427734375	28.73418617248535
9.83	2.8372344970703125	27.529294967651367
9.832	2.822314500808716	25.495548248291016
9.834	2.93709135055542	27.822538375854492
9.836	3.02669095993042	30.74582290649414
9.838	3.352618932723999	30.99857521057129
9.84	3.559037685394287	39.6650390625
9.842	3.9399502277374268	33.961299896240234
9.844	4.171958923339844	37.356929779052734
9.846	4.263739585876465	38.88584899902344
9.848	4.766348838806152	45.32355499267578
9.85	5.082395076751709	32.35530090332031
9.852	6.061974048614502	30.074798583984375
9.854	3.8350892066955566	24.736555099487305
9.856	3.189656972885132	23.626659393310547
9.858	2.837139368057251	26.462358474731445
9.86	2.470839738845825	32.80156707763672
9.862	2.7535159587860107	29.090211868286133
9.864	2.8042619228363037	25.317489624023438
9.866	2.6475884914398193	29.554473876953125
9.868	2.726879119873047	31.18657112121582
9.87	2.902841329574585	32.47926330566406
9.872	3.027010440826416	30.464248657226562
9.874	2.925982713699341	31.703296661376953
9.876	2.9719254970550537	31.776020050048828
9.878	3.0877366065979004	28.567848205566406
9.88	3.0191237926483154	27.623329162597656
9.882	3.0742926597595215	26.494470596313477
9.884	2.9483306407928467	27.5241641998291
9.886	2.9925835132598877	27.13361167907715
9.888	2.98311710357666	29.952428817749023
9.89	3.0109496116638184	27.041894912719727
9.892	2.9082329273223877	25.878765106201172
9.894	2.9182040691375732	27.281614303588867
9.896	2.959888219833374	27.709613800048828
9.898	2.928015947341919	23.907941818237305
9.9	2.8839590549468994	23.286596298217773
9.902	3.1284773349761963	26.291051864624023
9.904	3.2625434398651123	25.592905044555664
9.906	3.3558261394500732	28.32799530029297
9.908	3.302421808242798	26.531570434570312
9.91	3.205221652984619	28.456592559814453
9.912	3.0376505851745605	26.961910247802734
9.914	3.004338026046753	26.749753952026367
9.916	2.957632303237915	26.677082061767578
9.918	2.9519989490509033	26.767995834350586
9.92	2.9623446464538574	30.591777801513672
9.922	2.825375556945801	22.800752639770508
9.924	2.8326711654663086	23.933752059936523
9.926	2.9861035346984863	28.11113929748535
9.928	2.9671409130096436	27.32834815979004
9.93	3.1178035736083984	28.162261962890625
9.932	3.37272310256958	28.789403915405273
9.934	3.95747971534729	37.116859436035156
9.936	3.871798276901245	36.05625534057617
9.938	3.1787662506103516	32.417850494384766
9.94	2.9309911727905273	33.9775276184082
9.942	3.0333104133605957	32.57575988769531
9.944	3.039573907852173	32.01761245727539
9.946	3.2890470027923584	32.182823181152344
9.948	3.288681745529175	28.774192810058594
9.95	3.2050111293792725	31.348529815673828
9.952	3.1857733726501465	29.588232040405273
9.954	3.0784637928009033	26.817718505859375
9.956	2.9716246128082275	32.107383728027344
9.958	3.023285150527954	29.28856086730957
9.96	2.9243404865264893	26.73247718811035
9.962	2.9437737464904785	22.08151626586914
9.964	2.7964437007904053	20.667665481567383
9.966	2.678535223007202	27.594928741455078
9.968	3.0089151859283447	28.012924194335938
9.97	2.9120688438415527	27.52141571044922
9.972	2.683823347091675	24.667102813720703
9.974	2.6814398765563965	25.149625778198242
9.976	2.6915764808654785	28.052949905395508
9.978	2.8767805099487305	30.057050704956055
9.98	2.8909618854522705	29.419748306274414
9.982	2.9917492866516113	28.914020538330078
9.984	3.2722699642181396	26.988115310668945
9.986	4.656126499176025	39.58720779418945
9.988	6.150831699371338	50.71364212036133
9.99	4.359833240509033	62.22676086425781
9.992	2.4921765327453613	50.8227424621582
9.994	2.038696765899658	44.544742584228516
9.996	2.1968190670013428	32.67415237426758
9.998	2.6182737350463867	31.529850006103516
10.0	2.8862545490264893	31.629650115966797
10.002	2.9768035411834717	28.995943069458008
10.004	2.8916823863983154	29.528236389160156
10.006	3.0296218395233154	26.45703125
10.008	2.928995132446289	30.165407180786133
10.01	3.039785861968994	30.210678100585938
10.012	2.907078266143799	23.863847732543945
10.014	2.767089366912842	25.00670623779297
10.016	2.4324498176574707	22.82744026184082
10.018	2.278869390487671	23.756593704223633
10.02	2.1055026054382324	21.54050064086914
10.022	1.7863104343414307	21.74737548828125
10.024	2.335714817047119	22.851896286010742
10.026	2.348026990890503	21.250293731689453
10.028	2.4999680519104004	24.442581176757812
10.03	2.7099297046661377	23.630815505981445
10.032	2.8100831508636475	29.64959144592285
10.034	3.0499255657196045	25.97433090209961
10.036	3.202664375305176	24.321557998657227
10.038	4.516885280609131	33.83348083496094
10.04	5.597351551055908	38.37428665161133
10.042	4.547687530517578	36.84097671508789
10.044	3.87727952003479	37.27552032470703
10.046	3.4123270511627197	41.381744384765625
10.048	3.6102406978607178	33.866424560546875
10.05	3.418785810470581	28.629037857055664
10.052	3.4102044105529785	28.530385971069336
10.054	3.229546546936035	24.232280731201172
10.056	3.268070697784424	27.425621032714844
10.058	3.163841485977173	26.81709098815918
10.06	3.021212577819824	27.70767593383789
10.062	2.9885268211364746	27.886201858520508
10.064	2.8503987789154053	23.34139060974121
10.066	2.674753189086914	27.94544219970703
10.068	2.8716132640838623	27.870447158813477
10.07	2.950113296508789	26.401145935058594
10.072	2.889286994934082	34.20875930786133
10.074	2.886915922164917	27.64004135131836
10.076	2.9569857120513916	28.798757553100586
10.078	2.875378370285034	27.096134185791016
10.08	2.9699442386627197	30.344388961791992
10.082	2.9077835083007812	32.730987548828125
10.084	2.8721306324005127	31.54916000366211
10.086	2.657031774520874	45.817604064941406
10.088	2.1070985794067383	47.93941116333008
10.09	1.4472678899765015	50.41441345214844
10.092	1.387933611869812	49.9255485534668
10.094	1.4615864753723145	47.50658416748047
10.096	2.0632400512695312	41.98770523071289
10.098	2.5324831008911133	38.09160232543945
10.1	3.316870927810669	33.199790954589844
10.102	3.7126827239990234	24.21109962463379
10.104	3.326237440109253	20.693391799926758
10.106	3.083536386489868	18.836156845092773
10.108	2.793633460998535	20.851221084594727
10.11	2.8455686569213867	21.15253257751465
10.112	2.622673273086548	23.07123374938965
10.114	2.721858263015747	20.39961814880371
10.116	2.1001222133636475	20.716747283935547
10.118	1.8549689054489136	20.88477897644043
10.12	2.054144859313965	24.361501693725586
10.122	2.1529293060302734	23.674673080444336
10.124	2.3899614810943604	21.949548721313477
10.126	2.572283983230591	26.401622772216797
10.128	2.6638472080230713	26.703161239624023
10.13	2.8801372051239014	21.966856002807617
10.132	2.986584424972534	23.51174545288086
10.134	3.2332394123077393	32.32748794555664
10.136	2.6165030002593994	36.34064865112305
10.138	2.071202039718628	39.788429260253906
10.14	1.4629167318344116	45.98908615112305
10.142	0.5744501948356628	45.072265625
10.144	1.3878635168075562	47.841896057128906
10.146	2.0641181468963623	45.58000183105469
10.148	2.916311025619507	37.33208084106445
10.15	3.907102346420288	28.752120971679688
10.152	3.013277530670166	26.157197952270508
10.154	2.986229181289673	30.724151611328125
10.156	3.1652450561523438	29.91086769104004
10.158	2.934718608856201	26.111358642578125
10.16	2.9132742881774902	27.777896881103516
10.162	2.875507354736328	33.849666595458984
10.164	3.078339099884033	34.0210075378418
10.166	3.2382469177246094	35.49082565307617
10.168	3.5782153606414795	36.76178741455078
10.17	3.6265292167663574	36.28430938720703
10.172	3.75146484375	38.932918548583984
10.174	3.8556225299835205	40.97206115722656
10.176	4.49338960647583	45.96645736694336
10.178	4.7848310470581055	46.04816436767578
10.18	4.920991897583008	47.866355895996094
10.182	4.974555015563965	44.60622787475586
10.184	4.467224597930908	38.2170524597168
10.186	3.672294855117798	41.78573989868164
10.188	3.9000449180603027	45.86806106567383
10.19	4.4092183113098145	47.85272979736328
10.192	4.854912757873535	49.018367767333984
10.194	5.37262487411499	46.44011306762695
10.196	5.82568359375	43.119842529296875
10.198	6.1107964515686035	36.81535339355469
10.2	4.298924446105957	37.01557540893555
10.202	3.9154701232910156	39.75090026855469
10.204	3.815316677093506	41.343040466308594
10.206	3.7051422595977783	40.2468147277832
10.208	3.5559380054473877	38.67892837524414
10.21	3.5567970275878906	39.2372932434082
10.212	3.3499233722686768	37.96076202392578
10.214	3.018479824066162	36.11227035522461
10.216	3.1714868545532227	37.43070983886719
10.218	2.897552251815796	32.389381408691406
10.22	2.9039459228515625	29.854873657226562
10.222	2.8263356685638428	35.306339263916016
10.224	2.9403440952301025	28.588443756103516
10.226	2.966172218322754	30.57438850402832
10.228	3.03073787689209	31.557079315185547
10.23	2.933979034423828	30.275697708129883
10.232	2.8886771202087402	35.954227447509766
10.234	2.825360059738159	38.0471076965332
10.236	2.9196414947509766	43.85763168334961
10.238	3.0023341178894043	41.38051986694336
10.24	3.70880126953125	35.30760955810547
10.242	4.263941764831543	41.824134826660156
10.244	6.700320720672607	28.49289321899414
10.246	8.497420310974121	12.188599586486816
10.248	5.5936455726623535	9.00754165649414
10.25	2.9409241676330566	15.678885459899902
10.252	2.394441604614258	21.201465606689453
10.254	2.62617826461792	23.963647842407227
10.256	2.8659896850585938	23.10586929321289
10.258	2.797226905822754	23.03173065185547
10.26	2.6977388858795166	19.181285858154297
10.262	2.6860177516937256	22.296602249145508
10.264	2.692033052444458	26.84615707397461
10.266	2.80468487739563	23.815044403076172
10.268	2.801175832748413	25.668411254882812
10.27	2.8353970050811768	23.343780517578125
10.272	2.3896191120147705	28.22623062133789
10.274	1.9483498334884644	32.80184555053711
10.276	1.4036121368408203	36.159053802490234
10.278	1.0754995346069336	32.85849380493164
10.28	1.0180134773254395	39.860591888427734
10.282	0.9172317385673523	38.98933410644531
10.284	0.992242157459259	48.17825698852539
10.286	0.6558271646499634	48.694122314453125
10.288	0.8818095922470093	45.56871795654297
10.29	1.678861379623413	35.13557052612305
10.292	2.9457099437713623	46.370662689208984
10.294	3.7954108715057373	53.287235260009766
10.296	4.925092697143555	44.4395751953125
10.298	6.422654628753662	28.184980392456055
10.3	6.3782782554626465	6.1383891105651855
