children: []
meta:
  creationTime: 1715705720.6956725
  dataType: !!python/name:numpy.float64 ''
  defaults: {}
  description: ''
  fieldMap: {freq: 0, mag: 1, phase: 2}
  fieldNames: [freq, mag, phase]
  filename: \\132.166.23.175\room8a-data\FERBO\FB_W10_S4\run2\FBW10S4_204062-children\FBW10S4_204069.txt
  index: 251
  length: 251
  modificationTime: 1715705774.6089387
  name: FBW10S4_204069
  tags: ''
parameters: {}
tablefilename: FBW10S4_204069.txt
version: '1.0'
#end of header
freq	mag	phase
9.8	4.109220027923584	26.140541076660156
9.802	3.130417585372925	25.87106704711914
9.804	3.147557497024536	25.50017738342285
9.806	3.1160733699798584	26.02914810180664
9.808	2.978468656539917	21.7835636138916
9.81	2.746845006942749	26.285852432250977
9.812	2.640299081802368	20.884733200073242
9.814	2.3657712936401367	22.83094596862793
9.816	2.6265437602996826	23.896282196044922
9.818	2.70223069190979	21.142454147338867
9.82	2.7361068725585938	21.635128021240234
9.822	2.61564040184021	22.282175064086914
9.824	2.826606512069702	24.107797622680664
9.826	2.9984073638916016	25.944978713989258
9.828	3.0149736404418945	23.154382705688477
9.83	2.9009850025177	24.252567291259766
9.832	2.91088604927063	24.842592239379883
9.834	3.046769380569458	21.842632293701172
9.836	3.0798895359039307	22.561243057250977
9.838	3.0720622539520264	24.780080795288086
9.84	3.5216004848480225	29.549596786499023
9.842	3.7894768714904785	30.844539642333984
9.844	3.8246569633483887	34.95140838623047
9.846	3.769305467605591	37.9330940246582
9.848	4.210948467254639	37.985389709472656
9.85	4.339408874511719	38.56410598754883
9.852	3.630112648010254	24.76449203491211
9.854	3.4477765560150146	25.40692138671875
9.856	2.5865554809570312	16.565963745117188
9.858	2.0639235973358154	23.554012298583984
9.86	2.363731861114502	22.49492835998535
9.862	2.51058030128479	23.880882263183594
9.864	2.9694910049438477	24.365550994873047
9.866	2.595402479171753	22.777700424194336
9.868	2.4896514415740967	23.949743270874023
9.87	2.735384464263916	20.10453987121582
9.872	2.735424518585205	23.27943229675293
9.874	3.1753640174865723	26.372163772583008
9.876	3.0302441120147705	25.068405151367188
9.878	3.121812343597412	26.043724060058594
9.88	3.10184383392334	27.01362419128418
9.882	3.1569759845733643	27.111318588256836
9.884	3.1275222301483154	25.19896125793457
9.886	3.088710308074951	24.777652740478516
9.888	3.0482375621795654	25.530189514160156
9.89	3.0578997135162354	26.03720474243164
9.892	3.1570825576782227	29.420398712158203
9.894	3.049769163131714	28.62790870666504
9.896	2.9946484565734863	25.915363311767578
9.898	3.2598209381103516	26.249860763549805
9.9	3.072075843811035	27.609941482543945
9.902	3.3729805946350098	26.824731826782227
9.904	3.4102842807769775	24.547569274902344
9.906	3.3979990482330322	23.993316650390625
9.908	3.413926839828491	24.171663284301758
9.91	3.214611768722534	26.590925216674805
9.912	3.0267343521118164	24.937280654907227
9.914	3.0110721588134766	26.659381866455078
9.916	3.1135056018829346	25.143871307373047
9.918	2.912522315979004	25.06484031677246
9.92	3.000941276550293	25.658342361450195
9.922	3.0077946186065674	23.785282135009766
9.924	2.983279228210449	24.595048904418945
9.926	3.094560384750366	25.05997657775879
9.928	3.096785068511963	24.261247634887695
9.93	3.155829429626465	23.595718383789062
9.932	3.3969249725341797	27.18467903137207
9.934	3.910217046737671	30.689434051513672
9.936	3.645676851272583	33.41743469238281
9.938	3.1096253395080566	35.13460159301758
9.94	2.9102513790130615	31.54766273498535
9.942	2.8148715496063232	30.502819061279297
9.944	3.0551631450653076	27.720760345458984
9.946	3.1650896072387695	26.764793395996094
9.948	2.975356340408325	25.478145599365234
9.95	3.048546314239502	26.218008041381836
9.952	3.1750831604003906	24.897249221801758
9.954	2.9989659786224365	24.04054069519043
9.956	2.915262460708618	19.80921173095703
9.958	2.8027825355529785	25.18267250061035
9.96	2.8522896766662598	24.800939559936523
9.962	3.046522617340088	25.336990356445312
9.964	2.965146541595459	23.886859893798828
9.966	2.9744925498962402	25.729595184326172
9.968	2.9689748287200928	26.280776977539062
9.97	2.9630048274993896	24.88651466369629
9.972	2.748790979385376	25.132610321044922
9.974	2.7423524856567383	25.344839096069336
9.976	2.7949862480163574	23.084217071533203
9.978	2.818868637084961	25.49018096923828
9.98	2.865487575531006	22.33734130859375
9.982	2.750641345977783	24.595787048339844
9.984	3.1133296489715576	20.828575134277344
9.986	3.9051408767700195	30.99075698852539
9.988	5.338986396789551	57.8375358581543
9.99	4.513084411621094	56.35726547241211
9.992	2.3171300888061523	53.674591064453125
9.994	1.6505364179611206	46.80727767944336
9.996	2.066519021987915	30.83153533935547
9.998	2.637547492980957	28.642822265625
10.0	2.7226364612579346	30.48684310913086
10.002	3.0488486289978027	31.2017765045166
10.004	3.1413795948028564	26.980220794677734
10.006	3.183241844177246	28.044559478759766
10.008	3.11690092086792	26.03402328491211
10.01	3.1056222915649414	24.357168197631836
10.012	2.7913315296173096	23.24384307861328
10.014	2.594348669052124	19.533939361572266
10.016	2.2545928955078125	19.97894859313965
10.018	1.8691487312316895	22.913814544677734
10.02	2.238065481185913	27.541629791259766
10.022	1.8855692148208618	24.849889755249023
10.024	2.155292272567749	20.173871994018555
10.026	1.9909840822219849	22.71985626220703
10.028	2.375553607940674	25.128036499023438
10.03	2.8776936531066895	25.235979080200195
10.032	3.0028798580169678	26.014577865600586
10.034	3.030465841293335	23.03164291381836
10.036	3.1004881858825684	21.874534606933594
10.038	4.098539352416992	30.506189346313477
10.04	4.957360744476318	35.81541442871094
10.042	4.110866069793701	30.439035415649414
10.044	3.373626947402954	29.61017417907715
10.046	3.212167263031006	33.568572998046875
10.048	3.1295783519744873	30.932884216308594
10.05	3.3078267574310303	27.424245834350586
10.052	3.2732596397399902	27.599149703979492
10.054	3.202658176422119	25.07736587524414
10.056	3.3298187255859375	26.85332489013672
10.058	3.2424821853637695	26.576948165893555
10.06	3.1495609283447266	24.84947967529297
10.062	2.967815637588501	26.464412689208984
10.064	3.0694146156311035	27.460111618041992
10.066	3.134859800338745	27.022199630737305
10.068	2.9243063926696777	25.691274642944336
10.07	2.843517303466797	25.667341232299805
10.072	2.8620150089263916	27.60796356201172
10.074	3.011979341506958	27.756155014038086
10.076	3.0638129711151123	28.806961059570312
10.078	3.049997091293335	27.206546783447266
10.08	3.007338285446167	29.11481475830078
10.082	3.164032459259033	28.580730438232422
10.084	2.9545791149139404	26.357940673828125
10.086	2.838937759399414	36.812320709228516
10.088	1.7898412942886353	49.44659423828125
10.09	1.178060531616211	48.348487854003906
10.092	1.205288052558899	50.96543884277344
10.094	0.9451736211776733	53.1527099609375
10.096	1.7850019931793213	48.231327056884766
10.098	2.719350576400757	49.52627944946289
10.1	3.690150499343872	40.64372634887695
10.102	4.198800086975098	35.184837341308594
10.104	4.18801736831665	38.8338508605957
10.106	5.063318252563477	46.1573371887207
10.108	5.626260280609131	46.23643112182617
10.11	4.909613609313965	44.55087661743164
10.112	4.394911289215088	47.897605895996094
10.114	5.316958904266357	49.646034240722656
10.116	5.315500736236572	46.27986526489258
10.118	4.361291408538818	45.04404830932617
10.12	4.132032871246338	45.10760498046875
10.122	4.8003950119018555	46.76751708984375
10.124	5.170543193817139	47.84627151489258
10.126	4.8230767250061035	46.70121765136719
10.128	5.047269344329834	46.91803741455078
10.13	5.71157169342041	50.891387939453125
10.132	6.254777908325195	51.27923583984375
10.134	5.800994396209717	57.489471435546875
10.136	5.3002190589904785	60.21100616455078
10.138	3.4447343349456787	64.46809387207031
10.14	2.802029609680176	65.00936126708984
10.142	2.162637233734131	66.14886474609375
10.144	2.237438201904297	66.8708724975586
10.146	3.432701587677002	66.24020385742188
10.148	4.4314799308776855	57.68313217163086
10.15	4.26709508895874	26.185270309448242
10.152	3.207303524017334	40.133636474609375
10.154	4.001947402954102	46.216365814208984
10.156	4.595602035522461	40.69672393798828
10.158	3.4918525218963623	28.531221389770508
10.16	3.15444278717041	39.20966339111328
10.162	4.230235576629639	49.64208984375
10.164	4.8333563804626465	50.39358901977539
10.166	5.103078365325928	51.15534210205078
10.168	5.035838603973389	44.74519729614258
10.17	4.007602691650391	35.363765716552734
10.172	3.3283066749572754	34.87531661987305
10.174	3.6102709770202637	38.32271957397461
10.176	3.4989941120147705	34.70288848876953
10.178	3.4319851398468018	32.83005905151367
10.18	3.4515862464904785	32.119876861572266
10.182	3.238450527191162	29.63328742980957
10.184	3.1701767444610596	27.924951553344727
10.186	3.108747720718384	31.09486961364746
10.188	3.2758195400238037	27.807876586914062
10.19	3.1281521320343018	30.74014663696289
10.192	3.5219812393188477	30.14008140563965
10.194	3.627332925796509	28.905845642089844
10.196	4.033667087554932	22.970638275146484
10.198	4.215538024902344	21.214771270751953
10.2	3.32709002494812	21.434099197387695
10.202	2.742469549179077	21.200077056884766
10.204	2.426762580871582	24.56985092163086
10.206	2.3932876586914062	23.126537322998047
10.208	2.5761940479278564	26.61355972290039
10.21	2.9351119995117188	29.022573471069336
10.212	3.2706334590911865	28.447187423706055
10.214	3.0188374519348145	29.957046508789062
10.216	2.7290945053100586	29.403797149658203
10.218	2.8249504566192627	28.85251235961914
10.22	3.0880117416381836	30.64920425415039
10.222	2.9794676303863525	28.776140213012695
10.224	3.1956863403320312	27.700546264648438
10.226	3.2036988735198975	29.869739532470703
10.228	3.1636850833892822	31.46097183227539
10.23	3.0886785984039307	32.95093536376953
10.232	2.902582883834839	41.83030700683594
10.234	2.678924083709717	41.35507583618164
10.236	2.533674955368042	46.91835021972656
10.238	3.0237696170806885	47.06955337524414
10.24	3.8103363513946533	41.36757278442383
10.242	3.9985480308532715	46.11187744140625
10.244	5.994057655334473	34.9197998046875
10.246	8.02655029296875	20.368776321411133
10.248	6.023226261138916	15.671428680419922
10.25	3.697145938873291	27.565963745117188
10.252	3.480860710144043	39.02229690551758
10.254	4.145677089691162	39.807376861572266
10.256	4.272372722625732	38.00552749633789
10.258	4.07752799987793	37.9793815612793
10.26	3.9740121364593506	38.56068420410156
10.262	4.0590128898620605	39.01599884033203
10.264	3.6639060974121094	47.9428825378418
10.266	4.49607515335083	47.917823791503906
10.268	4.761775016784668	49.33152389526367
10.27	4.660844326019287	48.62794494628906
10.272	3.833552360534668	50.056209564208984
10.274	3.484584331512451	50.818687438964844
10.276	2.5153515338897705	50.823646545410156
10.278	2.132486581802368	48.567867279052734
10.28	1.5721561908721924	43.447715759277344
10.282	1.4144741296768188	43.47431182861328
10.284	1.1099128723144531	45.34040832519531
10.286	0.9320719242095947	52.005855560302734
10.288	1.0561480522155762	49.458858489990234
10.29	1.7775930166244507	41.33056640625
10.292	2.996242046356201	42.791690826416016
10.294	3.0296804904937744	46.66504669189453
10.296	4.183509826660156	43.15758514404297
10.298	5.447858810424805	28.7279052734375
10.3	5.777954578399658	3.2752480506896973
