children: []
meta:
  creationTime: 1715711812.6186512
  dataType: !!python/name:numpy.float64 ''
  defaults: {}
  description: ''
  fieldMap: {freq: 0, mag: 1, phase: 2}
  fieldNames: [freq, mag, phase]
  filename: \\132.166.23.175\room8a-data\FERBO\FB_W10_S4\run2\FBW10S4_204062-children\FBW10S4_204181.txt
  index: 251
  length: 251
  modificationTime: 1715711867.1641161
  name: FBW10S4_204181
  tags: ''
parameters: {}
tablefilename: FBW10S4_204181.txt
version: '1.0'
#end of header
freq	mag	phase
9.8	3.3065686225891113	33.082298278808594
9.802	3.0594322681427	36.57512283325195
9.804	3.0895724296569824	32.06854248046875
9.806	2.9591617584228516	29.16299819946289
9.808	2.972273349761963	31.287628173828125
9.81	2.9125542640686035	31.686548233032227
9.812	2.9286844730377197	34.19942855834961
9.814	2.947150707244873	36.4235954284668
9.816	3.0378222465515137	34.730228424072266
9.818	3.2217836380004883	34.84019470214844
9.82	3.0519518852233887	37.76816940307617
9.822	3.021275758743286	34.20986557006836
9.824	2.973407506942749	34.7199821472168
9.826	2.9755406379699707	33.73172378540039
9.828	2.9882354736328125	32.809967041015625
9.83	2.8436696529388428	30.67577362060547
9.832	2.9299495220184326	34.52539825439453
9.834	3.1836774349212646	33.079402923583984
9.836	3.1753571033477783	33.970767974853516
9.838	3.532595634460449	34.881927490234375
9.84	3.7862391471862793	36.84185028076172
9.842	4.088088035583496	40.32573318481445
9.844	4.378654956817627	43.438663482666016
9.846	4.721734523773193	46.78692626953125
9.848	5.10521936416626	43.748939514160156
9.85	5.20128870010376	29.089981079101562
9.852	5.0819854736328125	32.734130859375
9.854	4.087791919708252	28.094648361206055
9.856	3.377810001373291	27.76411247253418
9.858	2.6684982776641846	25.796619415283203
9.86	2.3865396976470947	27.90862464904785
9.862	2.703645706176758	30.281538009643555
9.864	2.8444626331329346	31.448698043823242
9.866	2.675774574279785	28.61009979248047
9.868	2.6662685871124268	28.808002471923828
9.87	2.741427421569824	29.4468994140625
9.872	2.7443578243255615	29.426254272460938
9.874	2.8331544399261475	29.883197784423828
9.876	2.8022897243499756	28.95332908630371
9.878	2.7891204357147217	27.94679832458496
9.88	2.867929697036743	29.180036544799805
9.882	2.9378678798675537	30.936044692993164
9.884	2.7949397563934326	29.727108001708984
9.886	2.8762407302856445	30.20418930053711
9.888	2.8360354900360107	29.793813705444336
9.89	2.8975632190704346	28.794824600219727
9.892	2.9397494792938232	31.949554443359375
9.894	2.8898751735687256	31.27303123474121
9.896	3.0501255989074707	32.20292282104492
9.898	3.088993787765503	29.114999771118164
9.9	3.057929277420044	31.356800079345703
9.902	3.1331543922424316	30.328718185424805
9.904	3.390953779220581	29.635982513427734
9.906	3.323627471923828	27.523418426513672
9.908	3.194668769836426	30.52185821533203
9.91	3.1636571884155273	28.61410140991211
9.912	2.8656563758850098	28.657230377197266
9.914	2.874361276626587	27.749788284301758
9.916	2.8006362915039062	28.652902603149414
9.918	2.856917142868042	28.49616050720215
9.92	2.9245426654815674	28.6674747467041
9.922	2.9303059577941895	28.55292320251465
9.924	2.9839093685150146	30.314043045043945
9.926	3.030508279800415	29.866771697998047
9.928	2.9442219734191895	28.960777282714844
9.93	3.0360472202301025	29.656841278076172
9.932	3.429685354232788	30.951473236083984
9.934	3.706407308578491	34.92690658569336
9.936	3.5672850608825684	37.598915100097656
9.938	3.263719320297241	34.02061080932617
9.94	2.9875826835632324	35.70738983154297
9.942	3.0038251876831055	31.75333023071289
9.944	2.952014684677124	28.757585525512695
9.946	2.8374922275543213	28.62252426147461
9.948	3.0108888149261475	32.294708251953125
9.95	3.1102213859558105	30.887136459350586
9.952	2.8941266536712646	28.299192428588867
9.954	2.8264639377593994	29.807287216186523
9.956	3.037722110748291	26.60550880432129
9.958	2.842693567276001	27.86815643310547
9.96	2.9185404777526855	27.76146697998047
9.962	2.7414488792419434	29.725954055786133
9.964	2.9313151836395264	29.59122085571289
9.966	2.8484835624694824	29.90845489501953
9.968	2.840526819229126	28.12580680847168
9.97	2.739441156387329	28.00735092163086
9.972	2.556384325027466	27.500568389892578
9.974	2.6820480823516846	28.144481658935547
9.976	2.6018784046173096	26.9079647064209
9.978	2.741010904312134	27.50094985961914
9.98	2.7551157474517822	26.574594497680664
9.982	2.806241750717163	23.277666091918945
9.984	2.9255409240722656	24.63124656677246
9.986	4.821071147918701	40.59617233276367
9.988	6.054027080535889	52.73517608642578
9.99	4.353494167327881	67.88517761230469
9.992	3.1784281730651855	58.77374267578125
9.994	2.345038890838623	49.81113815307617
9.996	2.330610513687134	42.60469436645508
9.998	2.977978229522705	34.973445892333984
10.0	3.069115400314331	35.12846374511719
10.002	3.079716205596924	32.59636306762695
10.004	2.987137794494629	32.513153076171875
10.006	3.017483949661255	31.628328323364258
10.008	3.0190255641937256	30.2864990234375
10.01	2.9561774730682373	31.283926010131836
10.012	3.0147271156311035	29.0112361907959
10.014	2.6438956260681152	27.721818923950195
10.016	2.5545101165771484	29.87141227722168
10.018	2.3007540702819824	27.720041275024414
10.02	2.325875759124756	25.106834411621094
10.022	2.908569097518921	24.168373107910156
10.024	2.150387763977051	25.99287223815918
10.026	1.819428563117981	20.59310531616211
10.028	2.030534029006958	22.3218936920166
10.03	2.457681655883789	25.831329345703125
10.032	2.5942656993865967	24.779882431030273
10.034	2.9162988662719727	25.48074722290039
10.036	3.0174920558929443	26.213102340698242
10.038	4.1792778968811035	29.47620391845703
10.04	5.13470983505249	35.16419982910156
10.042	4.313363075256348	36.42136764526367
10.044	3.5611937046051025	34.96741485595703
10.046	3.354496955871582	37.420440673828125
10.048	3.4064247608184814	34.303096771240234
10.05	3.250030755996704	29.58710289001465
10.052	3.1194443702697754	27.41826057434082
10.054	2.998237133026123	24.304237365722656
10.056	2.971285820007324	23.771751403808594
10.058	2.7461745738983154	24.297069549560547
10.06	2.79823637008667	25.515125274658203
10.062	2.5392653942108154	24.94156265258789
10.064	2.496584177017212	24.7669620513916
10.066	2.068934202194214	27.79218864440918
10.068	2.7802226543426514	32.15673828125
10.07	2.842672348022461	30.536685943603516
10.072	2.871054172515869	28.05286979675293
10.074	2.6615285873413086	29.36195182800293
10.076	2.7496025562286377	31.220685958862305
10.078	2.931177854537964	31.55900764465332
10.08	2.881990432739258	33.20790481567383
10.082	2.944382667541504	32.88967514038086
10.084	2.8552141189575195	28.5604305267334
10.086	2.623709201812744	41.05792999267578
10.088	2.143389940261841	52.90008544921875
10.09	1.7541474103927612	52.877044677734375
10.092	1.6901880502700806	50.804813385009766
10.094	1.60608971118927	51.23458480834961
10.096	2.465792417526245	47.368560791015625
10.098	3.0580379962921143	40.772430419921875
10.1	3.394761562347412	33.661800384521484
10.102	3.6812989711761475	23.910892486572266
10.104	3.246037006378174	25.43570899963379
10.106	2.8878796100616455	24.333345413208008
10.108	2.8445041179656982	24.081554412841797
10.11	2.776231288909912	28.076868057250977
10.112	2.854912042617798	25.401376724243164
10.114	2.37618350982666	22.350238800048828
10.116	2.1122915744781494	23.317729949951172
10.118	1.7901955842971802	22.301122665405273
10.12	1.6272563934326172	24.71045684814453
10.122	2.3563852310180664	26.055452346801758
10.124	2.4389259815216064	26.004854202270508
10.126	2.3264007568359375	23.68695068359375
10.128	2.422830581665039	27.149904251098633
10.13	2.935337543487549	29.349275588989258
10.132	3.2218589782714844	31.667308807373047
10.134	3.520859956741333	42.93076705932617
10.136	3.5746235847473145	46.90348434448242
10.138	2.711472272872925	50.98065948486328
10.14	2.2314581871032715	57.787559509277344
10.142	1.8388359546661377	61.36549377441406
10.144	2.4216556549072266	64.5595474243164
10.146	3.1077144145965576	60.14683532714844
10.148	3.792187452316284	36.76797103881836
10.15	4.033022880554199	33.496131896972656
10.152	3.0175821781158447	29.91632843017578
10.154	2.9664673805236816	34.83687973022461
10.156	3.327345609664917	32.63765335083008
10.158	3.359912157058716	31.3502140045166
10.16	3.1712934970855713	37.52463912963867
10.162	3.5597331523895264	43.03192901611328
10.164	4.470963954925537	48.04553985595703
10.166	4.801811695098877	48.00882339477539
10.168	4.959561347961426	46.7470703125
10.17	4.686677932739258	45.237144470214844
10.172	4.703957557678223	46.83708572387695
10.174	4.72306489944458	48.65157699584961
10.176	5.240592956542969	50.30474090576172
10.178	5.093891143798828	49.94230270385742
10.18	5.264283657073975	49.60934066772461
10.182	5.060146331787109	46.70043182373047
10.184	4.372314929962158	45.82697677612305
10.186	4.314112186431885	46.16748046875
10.188	4.438581943511963	49.37641143798828
10.19	4.7361063957214355	50.50798797607422
10.192	5.160140514373779	50.533470153808594
10.194	5.540471076965332	49.203575134277344
10.196	5.486579895019531	41.79850387573242
10.198	5.865482807159424	39.49989318847656
10.2	4.657553195953369	41.082942962646484
10.202	4.264362812042236	40.59229278564453
10.204	3.7224490642547607	43.09722137451172
10.206	3.720179319381714	41.92766189575195
10.208	3.591825485229492	41.27296829223633
10.21	3.674915075302124	40.38563919067383
10.212	3.6331989765167236	38.805206298828125
10.214	3.4806296825408936	38.831668853759766
10.216	3.631725549697876	44.51847457885742
10.218	3.6083288192749023	43.95717239379883
10.22	3.826773166656494	43.66925048828125
10.222	3.7812302112579346	44.328758239746094
10.224	3.9628407955169678	43.620033264160156
10.226	3.9747419357299805	42.856937408447266
10.228	3.7533650398254395	43.623809814453125
10.23	3.8490676879882812	44.74220657348633
10.232	3.894421100616455	51.961692810058594
10.234	3.889845132827759	58.53873062133789
10.236	4.101701259613037	55.65956115722656
10.238	4.4812397956848145	51.20097732543945
10.24	4.728845119476318	50.95010757446289
10.242	5.649387836456299	48.64939880371094
10.244	7.007419586181641	35.44287109375
10.246	7.957558631896973	11.52975845336914
10.248	5.514340400695801	18.016515731811523
10.25	3.5076510906219482	25.126476287841797
10.252	2.920975923538208	32.169925689697266
10.254	3.0591986179351807	35.012489318847656
10.256	3.1574625968933105	33.213504791259766
10.258	3.206543207168579	30.309680938720703
10.26	3.001863956451416	31.246620178222656
10.262	2.9706780910491943	28.887325286865234
10.264	2.920999050140381	31.177427291870117
10.266	2.987985610961914	30.806978225708008
10.268	3.1487386226654053	33.779422760009766
10.27	3.25748610496521	38.30167007446289
10.272	3.217170476913452	37.931121826171875
10.274	2.5344600677490234	42.11294174194336
10.276	2.0555782318115234	47.66596221923828
10.278	2.128946542739868	49.14643478393555
10.28	1.7938666343688965	48.62957000732422
10.282	1.8428150415420532	49.62974548339844
10.284	1.6759799718856812	49.09383010864258
10.286	1.426933765411377	58.184871673583984
10.288	1.265117883682251	53.81371307373047
10.29	2.777784585952759	43.234989166259766
10.292	3.3726422786712646	45.275062561035156
10.294	4.15828275680542	53.42634963989258
10.296	4.982644557952881	45.99304962158203
10.298	6.519192218780518	17.462377548217773
10.3	5.888058662414551	9.302705764770508
