children: []
meta:
  creationTime: 1715707186.9915786
  dataType: !!python/name:numpy.float64 ''
  defaults: {}
  description: ''
  fieldMap: {freq: 0, mag: 1, phase: 2}
  fieldNames: [freq, mag, phase]
  filename: \\132.166.23.175\room8a-data\FERBO\FB_W10_S4\run2\FBW10S4_204062-children\FBW10S4_204096.txt
  index: 251
  length: 251
  modificationTime: 1715707241.6343036
  name: FBW10S4_204096
  tags: ''
parameters: {}
tablefilename: FBW10S4_204096.txt
version: '1.0'
#end of header
freq	mag	phase
9.8	3.6587133407592773	25.703384399414062
9.802	3.1244313716888428	27.588714599609375
9.804	3.131683349609375	26.749448776245117
9.806	3.041633129119873	25.882808685302734
9.808	2.8840487003326416	26.55199432373047
9.81	2.9073801040649414	27.189380645751953
9.812	2.868039131164551	25.480854034423828
9.814	2.777056932449341	26.503393173217773
9.816	2.846389055252075	22.941463470458984
9.818	2.7233211994171143	26.22502326965332
9.82	2.961251735687256	27.068262100219727
9.822	2.935598850250244	26.29253578186035
9.824	2.7536559104919434	23.6583309173584
9.826	2.838610887527466	26.539167404174805
9.828	3.071491003036499	25.402568817138672
9.83	3.0125062465667725	25.122976303100586
9.832	3.0547800064086914	23.186542510986328
9.834	2.9285314083099365	26.37006187438965
9.836	3.1904191970825195	29.05608558654785
9.838	3.3961169719696045	29.724628448486328
9.84	3.703235626220703	32.9173698425293
9.842	3.841641664505005	37.631038665771484
9.844	4.1863932609558105	38.08328628540039
9.846	4.31837272644043	42.239349365234375
9.848	4.676920413970947	40.618247985839844
9.85	4.61570405960083	22.473154067993164
9.852	4.3085737228393555	27.72637176513672
9.854	3.68882155418396	26.24675941467285
9.856	3.258741855621338	23.778505325317383
9.858	2.5489585399627686	23.626766204833984
9.86	2.346954822540283	25.561500549316406
9.862	2.771672487258911	24.362512588500977
9.864	2.8256428241729736	23.931453704833984
9.866	2.8055739402770996	26.27416229248047
9.868	2.6954312324523926	26.500905990600586
9.87	2.7014942169189453	25.800392150878906
9.872	2.9568889141082764	23.364105224609375
9.874	3.0671122074127197	25.99928092956543
9.876	3.0528359413146973	25.082000732421875
9.878	3.154474973678589	24.230924606323242
9.88	2.919656276702881	23.79115104675293
9.882	3.054842472076416	25.96744155883789
9.884	3.1045546531677246	26.489906311035156
9.886	3.1352856159210205	28.0283145904541
9.888	3.120088815689087	29.469715118408203
9.89	2.95937180519104	24.40924644470215
9.892	2.958573818206787	29.983396530151367
9.894	3.042623281478882	28.494274139404297
9.896	3.0672998428344727	29.083669662475586
9.898	3.1832478046417236	27.481647491455078
9.9	3.1920669078826904	27.417713165283203
9.902	3.334092855453491	25.932924270629883
9.904	3.2727627754211426	25.11029815673828
9.906	3.461064338684082	27.09227752685547
9.908	3.357308864593506	24.35413932800293
9.91	2.94901967048645	23.835845947265625
9.912	2.9417011737823486	23.28092384338379
9.914	2.93966007232666	25.657426834106445
9.916	3.025752544403076	26.948339462280273
9.918	3.203376054763794	28.722293853759766
9.92	3.1997644901275635	22.028127670288086
9.922	3.154963254928589	27.11705207824707
9.924	3.1183369159698486	29.552900314331055
9.926	3.232330083847046	31.682323455810547
9.928	3.4429540634155273	37.809844970703125
9.93	3.699429988861084	27.590518951416016
9.932	3.351649045944214	31.79535675048828
9.934	4.152421951293945	35.863441467285156
9.936	3.948585033416748	35.19643783569336
9.938	3.092587947845459	29.145427703857422
9.94	2.8704674243927	28.083763122558594
9.942	2.7382278442382812	26.530366897583008
9.944	2.772038221359253	22.17133903503418
9.946	2.9767332077026367	25.871219635009766
9.948	2.9696385860443115	22.827058792114258
9.95	2.9462881088256836	22.09786033630371
9.952	2.9662392139434814	22.44314956665039
9.954	2.93319034576416	22.421422958374023
9.956	2.9623212814331055	23.973533630371094
9.958	2.868833065032959	21.777359008789062
9.96	2.8374826908111572	22.597347259521484
9.962	2.823591947555542	20.520002365112305
9.964	2.6540720462799072	20.098526000976562
9.966	2.8397836685180664	22.56517791748047
9.968	2.737480640411377	21.692785263061523
9.97	2.8899917602539062	21.98999786376953
9.972	2.5890696048736572	22.93206787109375
9.974	2.5037083625793457	25.97335433959961
9.976	2.7187111377716064	23.528030395507812
9.978	2.7569830417633057	25.4746150970459
9.98	2.8843138217926025	25.756851196289062
9.982	2.869962453842163	24.22408676147461
9.984	3.176708221435547	19.708797454833984
9.986	3.9703683853149414	31.516633987426758
9.988	5.46812105178833	57.98946762084961
9.99	4.615993499755859	60.288917541503906
9.992	2.2161710262298584	53.23509216308594
9.994	1.718303918838501	44.804256439208984
9.996	2.0046231746673584	34.793067932128906
9.998	2.4392077922821045	31.98952865600586
10.0	2.9055051803588867	31.755847930908203
10.002	3.1754403114318848	28.37307357788086
10.004	3.052687406539917	27.453636169433594
10.006	3.105666399002075	26.115541458129883
10.008	3.256105661392212	30.248308181762695
10.01	3.2931864261627197	25.634950637817383
10.012	2.922640323638916	26.069931030273438
10.014	2.8860344886779785	24.02944564819336
10.016	2.585967779159546	26.010818481445312
10.018	2.3702728748321533	24.541276931762695
10.02	2.115569829940796	25.773141860961914
10.022	1.8603407144546509	23.24358367919922
10.024	2.35935378074646	21.186336517333984
10.026	2.3130109310150146	21.464797973632812
10.028	2.404217481613159	19.89658546447754
10.03	2.556408166885376	21.60167694091797
10.032	2.901623010635376	22.233505249023438
10.034	2.9307150840759277	20.377216339111328
10.036	3.292140483856201	21.284744262695312
10.038	3.9810211658477783	28.748291015625
10.04	5.163322448730469	39.14763259887695
10.042	4.718260288238525	33.117889404296875
10.044	3.568578004837036	34.6245002746582
10.046	3.414726972579956	36.40995407104492
10.048	3.5583910942077637	32.912513732910156
10.05	3.308398723602295	31.516162872314453
10.052	3.4670214653015137	28.760581970214844
10.054	3.4567415714263916	27.2174129486084
10.056	3.386549234390259	26.897947311401367
10.058	3.2290477752685547	22.534584045410156
10.06	3.32499361038208	23.797548294067383
10.062	3.0291857719421387	26.678049087524414
10.064	3.0173749923706055	23.959117889404297
10.066	3.142073154449463	26.202892303466797
10.068	2.9173295497894287	25.887954711914062
10.07	2.8742733001708984	26.453994750976562
10.072	2.8504295349121094	24.338886260986328
10.074	2.867631673812866	27.349597930908203
10.076	2.991373300552368	28.23680877685547
10.078	2.985828161239624	27.291664123535156
10.08	3.0862529277801514	28.640430450439453
10.082	3.026017427444458	31.590436935424805
10.084	2.9114487171173096	30.523630142211914
10.086	3.068753480911255	37.24873352050781
10.088	2.144437074661255	52.51280975341797
10.09	1.425437092781067	50.494747161865234
10.092	1.363759160041809	52.419002532958984
10.094	1.3061248064041138	49.81651306152344
10.096	1.756426215171814	45.953861236572266
10.098	2.7096903324127197	42.11327362060547
10.1	3.4547312259674072	33.992225646972656
10.102	3.676607370376587	29.697450637817383
10.104	3.6216931343078613	26.31627082824707
10.106	3.3885695934295654	25.360326766967773
10.108	3.0529937744140625	22.801372528076172
10.11	2.938889980316162	22.32179069519043
10.112	2.981492280960083	23.47395896911621
10.114	2.9246325492858887	21.879505157470703
10.116	2.238682985305786	22.57961654663086
10.118	2.1572318077087402	23.825233459472656
10.12	2.0492119789123535	22.342636108398438
10.122	2.3755698204040527	26.803855895996094
10.124	2.589717388153076	25.825414657592773
10.126	2.713286876678467	25.366992950439453
10.128	2.9056291580200195	24.79910659790039
10.13	2.9529056549072266	24.406782150268555
10.132	3.0132768154144287	27.56226921081543
10.134	3.2377114295959473	40.65532302856445
10.136	3.0521671772003174	40.73675537109375
10.138	1.9624079465866089	45.79817199707031
10.14	1.7143412828445435	49.3693733215332
10.142	1.0670652389526367	51.99909591674805
10.144	1.358246922492981	51.557071685791016
10.146	1.9929120540618896	51.06746292114258
10.148	2.9057013988494873	41.36653137207031
10.15	3.72947359085083	26.6499080657959
10.152	3.2926502227783203	27.102861404418945
10.154	3.281294822692871	32.78423309326172
10.156	3.4702303409576416	29.065658569335938
10.158	3.4011411666870117	27.394001007080078
10.16	3.0550026893615723	32.936492919921875
10.162	3.5852136611938477	43.84412384033203
10.164	4.189518928527832	46.21919631958008
10.166	4.674043655395508	49.8084602355957
10.168	5.252505779266357	48.497989654541016
10.17	4.807350158691406	47.24932861328125
10.172	4.822707176208496	46.36403274536133
10.174	4.906324863433838	49.65700149536133
10.176	5.077780723571777	50.16764450073242
10.178	5.2633185386657715	51.70795822143555
10.18	5.603856563568115	50.71307373046875
10.182	5.1572160720825195	50.11812973022461
10.184	5.307747840881348	50.59116744995117
10.186	5.252461910247803	53.56535339355469
10.188	5.358157157897949	53.911476135253906
10.19	5.518530368804932	55.775115966796875
10.192	5.938566207885742	53.76577377319336
10.194	6.1016926765441895	51.26700210571289
10.196	6.290064811706543	47.66246795654297
10.198	6.035767555236816	39.6873664855957
10.2	5.127007007598877	40.55681228637695
10.202	4.403774261474609	44.71363830566406
10.204	4.417182445526123	44.18989181518555
10.206	3.6438047885894775	35.37515640258789
10.208	3.2345175743103027	33.16562271118164
10.21	3.193281888961792	34.14836120605469
10.212	3.438225746154785	30.067386627197266
10.214	2.879438877105713	28.257022857666016
10.216	2.8481738567352295	30.711088180541992
10.218	2.916999101638794	30.46082305908203
10.22	2.9436495304107666	29.83575439453125
10.222	2.9220428466796875	26.164216995239258
10.224	2.842730760574341	26.30552101135254
10.226	2.935391664505005	26.085060119628906
10.228	3.075885057449341	27.3140869140625
10.23	2.922849178314209	32.18887710571289
10.232	2.776671886444092	34.177303314208984
10.234	2.6669976711273193	35.53239059448242
10.236	2.9191784858703613	38.518165588378906
10.238	2.8536205291748047	37.87043762207031
10.24	3.58843994140625	39.828800201416016
10.242	4.4110541343688965	43.13462829589844
10.244	6.3951263427734375	27.078502655029297
10.246	7.218949317932129	2.629483222961426
10.248	6.26071310043335	5.215455532073975
10.25	2.9483649730682373	22.159561157226562
10.252	2.6445095539093018	25.956621170043945
10.254	3.0940535068511963	30.919795989990234
10.256	3.0763583183288574	26.808406829833984
10.258	2.985809564590454	24.37371253967285
10.26	2.777745246887207	23.274730682373047
10.262	2.818310260772705	25.771730422973633
10.264	2.930793046951294	26.536582946777344
10.266	2.8635478019714355	25.38997459411621
10.268	2.8282270431518555	27.809518814086914
10.27	2.873911142349243	29.27321434020996
10.272	2.827378988265991	30.475744247436523
10.274	2.109757423400879	35.442108154296875
10.276	1.5166863203048706	34.02671813964844
10.278	1.4107083082199097	37.516658782958984
10.28	1.4961483478546143	39.06092834472656
10.282	1.4412626028060913	39.51569747924805
10.284	0.9901134967803955	44.188560485839844
10.286	0.8233819007873535	49.25208282470703
10.288	0.46163371205329895	44.9139518737793
10.29	2.2144241333007812	38.18175506591797
10.292	2.8275399208068848	41.555973052978516
10.294	3.3613498210906982	49.56576156616211
10.296	4.182448863983154	42.8026123046875
10.298	5.969011306762695	17.377090454101562
10.3	6.82902717590332	7.856018543243408
