children: []
meta:
  creationTime: 1715717032.1057248
  dataType: !!python/name:numpy.float64 ''
  defaults: {}
  description: ''
  fieldMap: {freq: 0, mag: 1, phase: 2}
  fieldNames: [freq, mag, phase]
  filename: \\132.166.23.175\room8a-data\FERBO\FB_W10_S4\run2\FBW10S4_204062-children\FBW10S4_204276.txt
  index: 251
  length: 251
  modificationTime: 1715717087.4032881
  name: FBW10S4_204276
  tags: ''
parameters: {}
tablefilename: FBW10S4_204276.txt
version: '1.0'
#end of header
freq	mag	phase
9.8	3.2571449279785156	19.472009658813477
9.802	2.8529093265533447	21.540069580078125
9.804	2.914609909057617	22.316797256469727
9.806	2.8093011379241943	20.385284423828125
9.808	2.8401827812194824	20.997650146484375
9.81	2.7222044467926025	19.704683303833008
9.812	2.687260866165161	20.210554122924805
9.814	2.674731731414795	19.118789672851562
9.816	2.712331533432007	19.91721534729004
9.818	2.698334217071533	20.960521697998047
9.82	2.7752528190612793	22.64951515197754
9.822	2.6974339485168457	22.392932891845703
9.824	2.7533702850341797	20.310546875
9.826	2.8491568565368652	20.86617660522461
9.828	2.81326961517334	22.28143882751465
9.83	2.7806127071380615	19.704822540283203
9.832	2.733938694000244	19.26679039001465
9.834	2.966831684112549	21.040855407714844
9.836	2.832777976989746	18.894683837890625
9.838	2.9637110233306885	19.51163673400879
9.84	3.313798666000366	25.298784255981445
9.842	3.8563153743743896	26.607940673828125
9.844	4.199418544769287	29.217924118041992
9.846	4.144077301025391	32.21898651123047
9.848	4.597714424133301	34.10137939453125
9.85	5.062285423278809	33.78715515136719
9.852	4.213271141052246	20.570083618164062
9.854	3.593330144882202	18.648324966430664
9.856	2.912666082382202	18.683727264404297
9.858	2.5875582695007324	17.713069915771484
9.86	2.3427939414978027	21.75760269165039
9.862	2.4477179050445557	19.61675453186035
9.864	2.734600782394409	20.422077178955078
9.866	2.6749494075775146	22.284399032592773
9.868	2.6212024688720703	20.884540557861328
9.87	2.6322178840637207	20.088003158569336
9.872	2.7618353366851807	20.436506271362305
9.874	2.8360185623168945	20.31635856628418
9.876	2.8014166355133057	19.912633895874023
9.878	2.7313084602355957	19.59469223022461
9.88	2.8428773880004883	21.21055030822754
9.882	2.8397679328918457	20.327760696411133
9.884	2.8378889560699463	21.599742889404297
9.886	2.8731794357299805	21.537080764770508
9.888	2.837092161178589	21.80245590209961
9.89	2.828000783920288	22.38437271118164
9.892	2.835136890411377	22.8632755279541
9.894	2.829436779022217	24.04293441772461
9.896	2.9044060707092285	21.69747543334961
9.898	2.870279550552368	20.212055206298828
9.9	2.80819034576416	19.66562271118164
9.902	2.9556901454925537	21.110450744628906
9.904	3.1123111248016357	15.940409660339355
9.906	3.0232691764831543	17.112777709960938
9.908	3.0262885093688965	18.10157012939453
9.91	3.062573194503784	18.77986717224121
9.912	2.873455762863159	20.183340072631836
9.914	2.8210208415985107	19.435314178466797
9.916	2.7483580112457275	19.012296676635742
9.918	2.7824864387512207	20.471250534057617
9.92	2.765056848526001	20.206392288208008
9.922	2.797334671020508	22.946767807006836
9.924	2.956228733062744	20.19643211364746
9.926	2.944530963897705	20.776426315307617
9.928	2.9455347061157227	21.18361473083496
9.93	2.9193215370178223	21.73114776611328
9.932	3.3013193607330322	20.6212100982666
9.934	3.765658378601074	28.958444595336914
9.936	3.8038978576660156	27.745052337646484
9.938	3.316579580307007	27.69973373413086
9.94	2.913250207901001	29.631696701049805
9.942	2.8777194023132324	24.976482391357422
9.944	2.9549412727355957	22.67848777770996
9.946	2.9059698581695557	24.61479949951172
9.948	2.9643940925598145	21.552806854248047
9.95	3.0569097995758057	24.983627319335938
9.952	2.9684529304504395	20.94600486755371
9.954	2.925065279006958	20.585100173950195
9.956	3.0105321407318115	20.108659744262695
9.958	2.855877161026001	20.209869384765625
9.96	2.807610273361206	18.730268478393555
9.962	2.7533223628997803	19.482633590698242
9.964	2.7167747020721436	22.720609664916992
9.966	2.808992862701416	19.379135131835938
9.968	2.817598581314087	19.09929847717285
9.97	2.7053022384643555	20.650184631347656
9.972	2.4737346172332764	19.024768829345703
9.974	2.463552951812744	20.50493049621582
9.976	2.5935394763946533	18.990955352783203
9.978	2.7012150287628174	20.35021209716797
9.98	2.746438980102539	18.883806228637695
9.982	2.8617610931396484	18.659908294677734
9.984	2.9824817180633545	14.881616592407227
9.986	4.374503135681152	32.77399444580078
9.988	5.963462829589844	45.840389251708984
9.99	4.007512092590332	56.16791534423828
9.992	2.9063127040863037	50.818092346191406
9.994	2.0343165397644043	35.8878059387207
9.996	2.115328788757324	27.53190803527832
9.998	2.697093963623047	22.295276641845703
10.0	2.7166748046875	18.57063102722168
10.002	2.932277202606201	18.57050895690918
10.004	2.8612492084503174	19.466449737548828
10.006	2.8590140342712402	17.812219619750977
10.008	2.855834484100342	17.437150955200195
10.01	2.7616162300109863	16.480134963989258
10.012	2.68314528465271	15.994332313537598
10.014	2.4943065643310547	13.187272071838379
10.016	2.346357583999634	15.547248840332031
10.018	2.1075689792633057	13.873432159423828
10.02	2.1194939613342285	15.042134284973145
10.022	2.7690134048461914	15.271341323852539
10.024	2.261453866958618	14.99413013458252
10.026	2.2743425369262695	13.829411506652832
10.028	2.4261348247528076	17.901735305786133
10.03	2.567322015762329	15.847826957702637
10.032	2.6760425567626953	16.166288375854492
10.034	2.7364606857299805	14.176288604736328
10.036	2.9028210639953613	16.194011688232422
10.038	4.628727436065674	27.47466278076172
10.04	5.574874401092529	30.980453491210938
10.042	4.4348344802856445	32.02178192138672
10.044	3.8005247116088867	28.785717010498047
10.046	3.4334893226623535	28.41047477722168
10.048	3.324798345565796	26.891130447387695
10.05	3.3123178482055664	20.003639221191406
10.052	3.2578952312469482	16.6846923828125
10.054	3.2263107299804688	17.120452880859375
10.056	3.1237552165985107	17.030902862548828
10.058	3.0183017253875732	16.555782318115234
10.06	2.8505947589874268	18.842641830444336
10.062	2.8040757179260254	16.98064613342285
10.064	2.719529151916504	15.63479995727539
10.066	2.78035831451416	17.863525390625
10.068	2.6195054054260254	15.861418724060059
10.07	2.7249555587768555	16.731201171875
10.072	2.747885227203369	16.381702423095703
10.074	2.8453617095947266	15.106980323791504
10.076	2.682711124420166	15.74124526977539
10.078	2.8337202072143555	17.982255935668945
10.08	2.8203670978546143	19.735658645629883
10.082	2.7833149433135986	22.389101028442383
10.084	2.8352856636047363	20.56507682800293
10.086	2.4112603664398193	35.784732818603516
10.088	2.0020055770874023	38.585304260253906
10.09	1.3636146783828735	40.702232360839844
10.092	1.5622888803482056	42.87504196166992
10.094	1.4281561374664307	42.1132926940918
10.096	1.9244295358657837	38.53708267211914
10.098	2.7794084548950195	32.80661392211914
10.1	3.326680898666382	27.612163543701172
10.102	3.62937068939209	16.918476104736328
10.104	3.4498941898345947	14.869255065917969
10.106	2.9326748847961426	13.691045761108398
10.108	2.9154865741729736	13.265867233276367
10.11	2.813253879547119	17.721040725708008
10.112	2.8100128173828125	14.92143440246582
10.114	2.642775058746338	13.392139434814453
10.116	2.1776087284088135	14.444401741027832
10.118	1.743625521659851	12.23918628692627
10.12	1.641308069229126	14.736285209655762
10.122	2.2028145790100098	16.2640438079834
10.124	2.3202247619628906	15.616954803466797
10.126	2.5532524585723877	15.66720962524414
10.128	2.4926843643188477	14.89274787902832
10.13	2.6294939517974854	15.72620677947998
10.132	2.821685552597046	17.701074600219727
10.134	3.1384646892547607	26.990127563476562
10.136	2.7469067573547363	31.377370834350586
10.138	2.0243968963623047	39.557044982910156
10.14	1.5367296934127808	38.377323150634766
10.142	0.9094406366348267	43.172935485839844
10.144	1.2388451099395752	45.949710845947266
10.146	2.1706347465515137	41.97149658203125
10.148	2.8810107707977295	29.933256149291992
10.15	3.6818292140960693	17.691152572631836
10.152	3.072075605392456	17.654666900634766
10.154	2.8512558937072754	15.211752891540527
10.156	2.920431137084961	18.3842716217041
10.158	2.8038315773010254	18.92616844177246
10.16	2.7552316188812256	16.72191619873047
10.162	2.6405255794525146	23.66829490661621
10.164	2.693765878677368	25.323575973510742
10.166	2.767125368118286	28.561561584472656
10.168	3.0398645401000977	28.19104766845703
10.17	3.0390243530273438	25.696434020996094
10.172	3.1483359336853027	29.22873878479004
10.174	3.180051803588867	35.215213775634766
10.176	3.8301069736480713	43.52295684814453
10.178	4.658846855163574	44.14567184448242
10.18	4.830143928527832	40.929168701171875
10.182	4.327786922454834	42.17951583862305
10.184	3.7397098541259766	36.670555114746094
10.186	3.8207874298095703	31.352893829345703
10.188	4.044691562652588	43.36591720581055
10.19	4.219013690948486	46.26026153564453
10.192	5.653343677520752	50.50352478027344
10.194	6.063534259796143	48.787628173828125
10.196	6.298731803894043	44.807186126708984
10.198	6.6862897872924805	40.1164436340332
10.2	4.535032272338867	41.139198303222656
10.202	4.42579984664917	42.1224479675293
10.204	4.422211647033691	45.253421783447266
10.206	4.250757694244385	41.26727294921875
10.208	3.266328811645508	34.93586349487305
10.21	3.199005126953125	27.342350006103516
10.212	2.6782398223876953	21.399105072021484
10.214	2.533632278442383	24.19091796875
10.216	2.5735392570495605	27.15627098083496
10.218	2.5545198917388916	23.828990936279297
10.22	2.583974838256836	20.638540267944336
10.222	2.6627743244171143	21.954957962036133
10.224	2.6555237770080566	20.729450225830078
10.226	2.5973048210144043	20.577463150024414
10.228	2.7043774127960205	17.372873306274414
10.23	2.7615699768066406	22.471542358398438
10.232	2.6993720531463623	28.015127182006836
10.234	2.6039247512817383	28.68450927734375
10.236	3.095524787902832	36.12818908691406
10.238	2.9011662006378174	30.617658615112305
10.24	3.6784820556640625	29.057722091674805
10.242	4.373758316040039	32.02368927001953
10.244	6.919796943664551	14.658622741699219
10.246	8.385348320007324	0.5283756256103516
10.248	5.111984729766846	-2.2427072525024414
10.25	2.7561614513397217	5.941457748413086
10.252	2.278759241104126	16.144468307495117
10.254	2.5404770374298096	17.62732696533203
10.256	2.789400815963745	18.40342140197754
10.258	2.8428711891174316	17.727384567260742
10.26	2.603607177734375	16.84105110168457
10.262	2.680213212966919	18.081716537475586
10.264	2.6936593055725098	20.660425186157227
10.266	2.725484848022461	18.312400817871094
10.268	2.7408413887023926	22.55794334411621
10.27	2.621802806854248	22.303306579589844
10.272	2.5096306800842285	24.064777374267578
10.274	1.8169177770614624	29.954248428344727
10.276	1.239614486694336	29.99688720703125
10.278	1.1319496631622314	32.972293853759766
10.28	0.9431868195533752	34.01507568359375
10.282	1.058217167854309	40.11425018310547
10.284	1.0298476219177246	41.1411247253418
10.286	0.7242758274078369	43.79479217529297
10.288	0.5811325907707214	43.080848693847656
10.29	1.9543025493621826	31.509960174560547
10.292	2.8664371967315674	33.78050994873047
10.294	3.6518752574920654	40.78416442871094
10.296	4.600138187408447	39.65406036376953
10.298	6.479801654815674	6.2776312828063965
10.3	5.808646202087402	-6.716341495513916
