children: []
meta:
  creationTime: 1715718529.0565934
  dataType: !!python/name:numpy.float64 ''
  defaults: {}
  description: ''
  fieldMap: {freq: 0, mag: 1, phase: 2}
  fieldNames: [freq, mag, phase]
  filename: \\132.166.23.175\room8a-data\FERBO\FB_W10_S4\run2\FBW10S4_204062-children\FBW10S4_204303.txt
  index: 251
  length: 251
  modificationTime: 1715718584.4372652
  name: FBW10S4_204303
  tags: ''
parameters: {}
tablefilename: FBW10S4_204303.txt
version: '1.0'
#end of header
freq	mag	phase
9.8	3.401189088821411	22.3944091796875
9.802	2.821725845336914	21.414749145507812
9.804	2.8022806644439697	22.119735717773438
9.806	2.8381118774414062	22.33039665222168
9.808	2.857494831085205	23.286714553833008
9.81	2.706794500350952	22.220516204833984
9.812	2.6496567726135254	21.127338409423828
9.814	2.6168935298919678	20.849517822265625
9.816	2.611697196960449	21.415058135986328
9.818	2.7075111865997314	21.861865997314453
9.82	2.769167900085449	22.54806900024414
9.822	2.6392228603363037	21.36465835571289
9.824	2.7437727451324463	24.324573516845703
9.826	2.8479623794555664	24.65522003173828
9.828	2.9575653076171875	22.658781051635742
9.83	2.9772775173187256	24.443307876586914
9.832	2.8853719234466553	22.851472854614258
9.834	2.794431447982788	20.95688247680664
9.836	2.8910164833068848	22.52223777770996
9.838	3.014998197555542	24.408668518066406
9.84	3.4212465286254883	26.720979690551758
9.842	3.8527584075927734	33.443031311035156
9.844	4.073927402496338	34.39959716796875
9.846	4.420112609863281	34.86442947387695
9.848	4.646777153015137	38.069236755371094
9.85	4.522989273071289	19.298444747924805
9.852	3.3858983516693115	23.299880981445312
9.854	3.6559934616088867	20.32761001586914
9.856	3.2094664573669434	21.688961029052734
9.858	2.4171719551086426	18.290334701538086
9.86	2.1943678855895996	20.39425277709961
9.862	2.7233974933624268	23.536026000976562
9.864	2.7278738021850586	23.48920249938965
9.866	2.6541502475738525	23.86977195739746
9.868	2.4887189865112305	23.2434024810791
9.87	2.5277798175811768	23.426969528198242
9.872	2.6939167976379395	22.364158630371094
9.874	2.741602897644043	21.485410690307617
9.876	2.8124186992645264	20.854755401611328
9.878	2.89840030670166	22.075395584106445
9.88	2.876957893371582	21.06175994873047
9.882	2.7842624187469482	19.795982360839844
9.884	2.76602840423584	22.587039947509766
9.886	2.812784194946289	23.853534698486328
9.888	2.8724565505981445	23.162172317504883
9.89	2.791670083999634	24.697607040405273
9.892	2.7835464477539062	26.153667449951172
9.894	2.737281084060669	25.676597595214844
9.896	2.8125996589660645	23.434524536132812
9.898	2.7877814769744873	20.098718643188477
9.9	2.6823601722717285	20.495464324951172
9.902	3.0868449211120605	23.681869506835938
9.904	3.177335023880005	22.564441680908203
9.906	3.243833065032959	21.067251205444336
9.908	2.8852415084838867	20.16481590270996
9.91	2.9296364784240723	21.284927368164062
9.912	2.812626600265503	19.987918853759766
9.914	2.7502670288085938	19.347911834716797
9.916	2.718167304992676	21.48148536682129
9.918	2.745008707046509	21.02683448791504
9.92	2.782477378845215	21.547100067138672
9.922	2.772947072982788	18.85659408569336
9.924	2.7455403804779053	21.89584732055664
9.926	2.8460400104522705	20.605701446533203
9.928	2.7945358753204346	20.71956443786621
9.93	2.8274497985839844	17.388700485229492
9.932	3.3093602657318115	22.346837997436523
9.934	3.6838016510009766	28.6124210357666
9.936	3.330350875854492	26.91657257080078
9.938	2.981830596923828	27.482351303100586
9.94	2.9212236404418945	27.39354133605957
9.942	2.785461664199829	24.716264724731445
9.944	2.7527143955230713	21.17878532409668
9.946	2.7550506591796875	20.639543533325195
9.948	2.8062822818756104	22.42308235168457
9.95	2.818148374557495	19.5451717376709
9.952	2.753505229949951	20.494726181030273
9.954	2.76448655128479	20.022220611572266
9.956	2.7576727867126465	18.256099700927734
9.958	2.7045092582702637	20.916900634765625
9.96	2.716930866241455	19.751842498779297
9.962	2.6257529258728027	21.02972984313965
9.964	2.584345817565918	19.701675415039062
9.966	2.6849465370178223	21.786563873291016
9.968	2.7397024631500244	22.30215835571289
9.97	2.67952036857605	20.199649810791016
9.972	2.394545078277588	21.256059646606445
9.974	2.4180028438568115	21.566482543945312
9.976	2.496938467025757	24.44717788696289
9.978	2.734752893447876	26.242050170898438
9.98	2.6758005619049072	22.739809036254883
9.982	2.79988956451416	20.561033248901367
9.984	2.901750326156616	17.670625686645508
9.986	4.384145259857178	22.407791137695312
9.988	5.671555519104004	53.87508010864258
9.99	3.8891406059265137	57.717044830322266
9.992	2.3870062828063965	49.95567321777344
9.994	1.8597474098205566	43.70685577392578
9.996	2.0957231521606445	31.756811141967773
9.998	2.484506368637085	29.510013580322266
10.0	2.7604968547821045	24.171039581298828
10.002	2.8970844745635986	21.63442039489746
10.004	2.8280832767486572	22.571691513061523
10.006	2.7615108489990234	23.762807846069336
10.008	2.899308919906616	23.824342727661133
10.01	2.8802623748779297	20.19077491760254
10.012	2.7799837589263916	21.750505447387695
10.014	2.7076847553253174	20.09330177307129
10.016	2.367091417312622	18.594810485839844
10.018	2.0765886306762695	16.594118118286133
10.02	2.253241777420044	21.09807777404785
10.022	2.8002967834472656	17.9477481842041
10.024	2.1874160766601562	17.940818786621094
10.026	1.9959648847579956	19.410871505737305
10.028	2.2320308685302734	20.89391326904297
10.03	2.5594072341918945	19.99142837524414
10.032	2.541179895401001	18.197643280029297
10.034	2.797590970993042	16.70318031311035
10.036	3.1425397396087646	15.772414207458496
10.038	4.0837082862854	23.437952041625977
10.04	4.988268852233887	35.44661331176758
10.042	4.6931233406066895	32.28873062133789
10.044	3.532546281814575	28.92269515991211
10.046	3.1955058574676514	31.953561782836914
10.048	3.317633628845215	32.527488708496094
10.05	3.3523879051208496	28.34286880493164
10.052	3.241976499557495	24.890216827392578
10.054	3.1577227115631104	21.455333709716797
10.056	3.1070899963378906	20.964380264282227
10.058	2.923172950744629	22.78542137145996
10.06	2.7256691455841064	18.048019409179688
10.062	2.676582098007202	19.7242431640625
10.064	2.7267470359802246	21.05231285095215
10.066	2.8249075412750244	22.106229782104492
10.068	2.727151870727539	23.58245849609375
10.07	2.6989216804504395	21.287555694580078
10.072	2.581347942352295	20.764244079589844
10.074	2.7583255767822266	22.02269744873047
10.076	2.682035446166992	22.79386329650879
10.078	2.7146217823028564	22.38439178466797
10.08	2.8279058933258057	25.84061050415039
10.082	2.8080432415008545	27.122821807861328
10.084	2.6416358947753906	28.755205154418945
10.086	2.733462333679199	38.90378952026367
10.088	1.768229603767395	46.039546966552734
10.09	0.9833101630210876	44.78127670288086
10.092	1.491951584815979	47.058372497558594
10.094	1.407124638557434	46.9471321105957
10.096	2.2214324474334717	40.56744384765625
10.098	2.5992188453674316	36.743282318115234
10.1	3.106712579727173	26.095266342163086
10.102	3.478177309036255	22.329315185546875
10.104	3.2258312702178955	18.72923469543457
10.106	2.9785802364349365	17.01426887512207
10.108	2.861191987991333	18.048391342163086
10.11	2.5751397609710693	19.794675827026367
10.112	2.6255714893341064	18.27981948852539
10.114	2.6100168228149414	17.798322677612305
10.116	1.949584722518921	12.94230842590332
10.118	1.6808514595031738	13.229938507080078
10.12	1.828474998474121	15.60604476928711
10.122	1.869275450706482	15.906649589538574
10.124	2.2401795387268066	19.238590240478516
10.126	2.392789363861084	21.289968490600586
10.128	2.5801758766174316	20.61231803894043
10.13	2.7586100101470947	22.24592399597168
10.132	2.9069597721099854	22.92045783996582
10.134	3.0688085556030273	32.39863204956055
10.136	2.888274669647217	35.691307067871094
10.138	2.06022572517395	42.03931427001953
10.14	1.6375819444656372	42.06755447387695
10.142	1.022877812385559	47.02757263183594
10.144	1.2195271253585815	47.21461868286133
10.146	2.0571930408477783	43.25130081176758
10.148	2.8942110538482666	34.237178802490234
10.15	3.544715166091919	22.502561569213867
10.152	3.0918283462524414	22.459651947021484
10.154	2.929600238800049	21.203893661499023
10.156	2.953144073486328	19.706331253051758
10.158	2.841625690460205	20.31451416015625
10.16	2.722034215927124	21.17759895324707
10.162	2.775407314300537	33.82604217529297
10.164	3.03656005859375	37.791114807128906
10.166	3.4271819591522217	43.021488189697266
10.168	3.779362916946411	40.00067901611328
10.17	3.5469682216644287	39.408973693847656
10.172	3.824641227722168	42.806434631347656
10.174	3.92562198638916	42.00423812866211
10.176	3.9701931476593018	43.64043426513672
10.178	4.0736494064331055	43.22262954711914
10.18	4.302604675292969	45.909854888916016
10.182	4.461899757385254	42.64259338378906
10.184	4.03995418548584	36.9860954284668
10.186	3.58719539642334	40.09306716918945
10.188	3.6029162406921387	42.793006896972656
10.19	3.932293176651001	46.95227813720703
10.192	4.862411022186279	50.207122802734375
10.194	5.1270551681518555	47.937625885009766
10.196	5.300772190093994	39.137508392333984
10.198	5.475741386413574	33.88373565673828
10.2	4.00886344909668	34.72869110107422
10.202	3.6201608180999756	35.80046844482422
10.204	3.6588833332061768	39.41530227661133
10.206	3.582049608230591	38.414344787597656
10.208	3.243312358856201	37.47396469116211
10.21	3.4757578372955322	33.840843200683594
10.212	3.155142068862915	32.19168472290039
10.214	3.079144239425659	34.45841979980469
10.216	3.0198779106140137	33.939144134521484
10.218	3.0598301887512207	35.0711784362793
10.22	3.1227409839630127	33.24058532714844
10.222	2.958477735519409	30.152963638305664
10.224	2.949274778366089	28.47766876220703
10.226	2.922710657119751	27.26067543029785
10.228	2.9363043308258057	26.548110961914062
10.23	2.8802404403686523	29.316852569580078
10.232	2.853553533554077	35.812713623046875
10.234	2.820495843887329	33.5756950378418
10.236	2.888461112976074	43.84066390991211
10.238	3.0710060596466064	39.02997589111328
10.24	4.0241379737854	37.93022537231445
10.242	4.4149909019470215	42.452369689941406
10.244	6.921500205993652	26.3216495513916
10.246	8.59819221496582	12.865808486938477
10.248	5.371312141418457	8.109009742736816
10.25	2.925593137741089	20.526142120361328
10.252	2.5864717960357666	23.358802795410156
10.254	2.8076019287109375	24.724525451660156
10.256	2.942295789718628	25.362937927246094
10.258	2.823622465133667	23.88106346130371
10.26	2.8008642196655273	23.437889099121094
10.262	2.862436056137085	23.608848571777344
10.264	2.786620855331421	24.244749069213867
10.266	2.7344019412994385	23.652751922607422
10.268	2.7893800735473633	23.87479591369629
10.27	2.671718120574951	24.04673194885254
10.272	2.4793777465820312	26.785734176635742
10.274	1.8851386308670044	30.82594108581543
10.276	1.4205321073532104	35.5017204284668
10.278	1.251640796661377	34.15106201171875
10.28	1.000562071800232	37.61921691894531
10.282	0.8682702779769897	41.5593376159668
10.284	0.9688888788223267	45.209266662597656
10.286	0.6270070672035217	46.73296356201172
10.288	0.9074639678001404	47.04767990112305
10.29	1.3837352991104126	35.78860092163086
10.292	2.97196626663208	39.68391799926758
10.294	3.217388153076172	43.987518310546875
10.296	4.994518280029297	36.937408447265625
10.298	6.557281017303467	14.227157592773438
10.3	6.077775955200195	-3.8745930194854736
